residue_number R1 R2 NOE
26 1.05 14.752 0.736
28 1.075 16.477 0.869
29 1.062 17.653 0.738
30 1.06 16.594 0.791
32 1.073 17.292 0.804
33 1.085 16.117 0.776
34 1.08 16.134 0.749
35 1.066 17.6 0.806
36 1.045 16.181 0.77
37 1.07 16.852 0.755
38 1.058 17.052 0.758
39 1.028 17.121 0.854
41 0.897 12.583 0.564
42 0.956 17.517 0.762
44 1.076 16.917 0.812
45 1.102 15.804 0.799
46 1.054 16.071 0.786
47 1.027 15.475 0.739
49 1.121 16.547 0.846
50 1.019 15.44 0.609
51 1.045 15.059 0.764
52 1.11 16.103 0.807
54 1.03 14.213 0.765
55 0.97 18.476 0.779
56 0.946 17.529 0.79
57 0.938 16.561 0.733
58 0.951 16.277 0.759
59 1.004 15.779 0.8
61 0.964 16.728 0.795
62 1.056 15.714 0.802
63 1.009 15.97 0.766
66 1.058 19.321 0.77
67 1.103 17.402 0.791
69 1.147 17.98 0.767
70 1.153 17.789 0.847
71 1.045 17.116 0.897
72 1.018 17.759 0.799
73 1.059 16.99 0.868
74 1.036 18.09 0.817
75 1.046 21.035 0.84
76 1.065 16.542 0.822
77 1.119 16.725 0.878
78 1.048 18.017 0.768
79 0.999 18.072 0.781
80 1.073 17.849 0.83
81 1.038 18.198 0.792
84 1.045 16.581 0.843
85 0.995 16.37 0.831
86 0.973 17.411 0.785
87 0.951 15.463 0.86
88 0.97 14.843 0.825
89 1.055 15.332 0.809
91 1.057 17.838 0.852
92 0.948 16.722 0.827
93 1.013 16.251 0.794
94 1.028 15.258 0.814
95 0.98 13.981 0.779
96 0.976 15.266 0.838
97 1.01 16.383 0.79
98 1.005 17.271 0.783
99 1.022 18.237 0.805
100 0.944 17.4 0.824
101 1.061 16.415 0.859
102 1.072 15.182 0.724
103 0.951 14.144 0.712
104 1.022 15.368 0.725
107 0.954 17.244 0.789
108 1.008 19.333 0.819
109 1.019 17.256 0.787
110 0.983 16.2 0.779
111 1.079 16.317 0.783
112 1.013 16.677 0.792
113 1.057 17.556 0.752
115 1.041 15.853 0.803
116 1.089 15.941 0.841
117 1.051 17.291 0.829
118 1.026 17.227 0.835
119 1.016 18.256 0.795
120 1.072 17.301 0.781
123 1.062 18.702 0.748
125 0.991 17.316 0.794
126 0.941 22.703 0.824
127 1.024 16.865 0.782
129 1.077 20.814 0.981
130 1.134 15.957 0.693
134 1.085 17.443 0.777
135 1.082 17.53 0.748
136 1.06 17.273 0.807
137 1.063 16.316 0.805
139 1.11 27.738 0.658
140 1.055 15.992 0.79
141 1.114 16.986 0.816
142 1.058 15.273 0.79
144 1.105 17.244 0.73
145 1.032 16.773 0.838
146 1.097 17.142 0.836
147 1.057 17.402 0.839
148 1.049 17.757 0.798
149 1.058 16.469 0.841
151 1.051 17.264 0.819
152 1.048 16.87 0.852
153 1.026 15.448 0.76
154 1.012 16.873 0.75
155 0.973 17.342 0.844
156 0.99 15.928 0.795
157 1.091 15.987 0.817
158 1.039 15.843 0.851
159 1.081 17.302 0.79
161 0.972 14.941 0.855
162 0.898 15.832 0.864
164 1.01 17.605 0.845
167 1.043 21.524 0.821
168 1.042 19.309 0.856
169 1.017 18.755 0.864
173 1.016 15.141 0.804
174 0.997 14.715 0.773
175 1.043 14.876 0.836
176 1.096 15.657 0.843
177 1.053 17.163 0.771
178 1.009 16.354 0.846
179 1.039 16.609 0.879
182 1.06 16.657 0.794
183 0.946 15.241 0.841
184 1.05 16.908 0.76
185 1.099 17.337 0.806
187 1.067 16.152 0.869
188 1.06 17.725 0.795
190 1.11 17.09 0.801
191 1.044 17.304 0.815
192 1.039 15.992 0.84
193 1.114 15.104 0.778
195 0.958 14.724 0.683
196 0.907 12.888 0.429
198 0.993 16.97 0.803
199 1.072 15.024 0.799
200 1.054 16.749 0.806
201 1.067 15.892 0.795
203 1.078 17.335 0.787
204 1.068 17.832 0.774
205 1.111 16.706 0.787
206 1.101 17.231 0.779
207 1.095 16.396 0.805
208 1.086 17.312 0.834
209 1.065 17.345 0.808
210 1.112 21.158 0.807
211 1.061 17.196 0.869
212 1.047 21.901 0.826
215 1.1 16.845 0.757
216 1.081 27.649 0.776
218 0.978 22.095 0.697
219 0.969 23.301 0.721
220 1.061 18.469 0.789
222 1.008 15.303 0.763
223 0.917 16.623 0.793
225 0.972 15.277 0.774
226 0.932 15.627 0.747
227 1.035 16.165 0.806
228 0.961 17.227 0.802
229 1.002 16.646 0.832
230 0.945 17.407 0.787
231 1.031 17.023 0.833
232 1.039 22.515 0.861
234 0.956 20.104 0.792
236 0.965 16.904 0.794
237 1.102 18.507 0.846
239 1.016 17.048 0.777
240 1.054 19.219 0.806
242 0.969 17.109 0.866
243 1.066 18.173 0.798
246 0.986 15.634 0.793
247 1.057 16.728 0.791
248 1.07 17.996 0.804
250 1.011 20.009 0.738
251 1.046 23.737 0.793
252 0.987 17.347 0.813
254 1.034 16.57 0.708
255 1.113 16.892 0.736
257 1.008 16.914 0.782
258 0.988 16.792 0.77
260 1.002 17.447 0.79
263 0.996 18.896 0.781
264 1.079 15.357 0.794
265 0.994 16.537 0.793
266 1.071 14.752 0.775
267 1.028 16.402 0.701
269 1.069 16.494 0.788
272 1.065 16.823 0.81
273 1.092 18.323 0.821
274 1.049 16.823 0.871
275 1.063 20.137 0.882
276 1.093 16.208 0.8
278 1.067 16.23 0.83
279 1.091 17.181 0.802
280 1.109 16.561 0.805
281 1.04 16.219 0.763
282 1.065 16.144 0.778
283 1.108 18.254 0.768
286 1.008 14.746 0.72
