residue_number R1 R2 NOE
26 1.351 14.754 0.54
28 1.263 15.337 0.778
29 1.317 15.949 0.724
30 1.343 15.327 0.834
32 1.297 15.996 0.732
33 1.341 13.689 0.56
34 1.358 15.496 0.662
35 1.354 16.457 0.747
36 1.298 15.387 0.731
37 1.365 15.434 0.695
38 1.342 15.837 0.766
39 1.299 16.163 0.765
41 1.108 12.102 0.568
42 1.19 15.72 0.846
44 1.384 15.453 0.789
45 1.472 16.738 0.86
46 1.334 16.264 0.768
47 1.334 14.01 0.66
49 1.406 15.072 0.715
50 1.249 14.565 0.6
52 1.411 15.508 0.812
54 1.324 13.553 0.695
55 1.273 16.695 0.795
56 1.225 16.039 0.684
57 1.238 16.336 0.725
58 1.261 15.962 0.698
59 1.23 16.474 0.798
62 1.384 14.21 0.689
63 1.284 15.105 0.775
66 1.506 18.221 0.79
67 1.351 15.488 0.725
69 1.469 18.013 0.776
70 1.455 17.569 0.791
71 1.352 16.291 0.783
72 1.323 16.478 0.651
73 1.335 15.206 0.69
74 1.443 17.89 0.677
75 1.306 17.568 0.786
76 1.357 16.185 0.738
77 1.43 14.883 0.875
78 1.339 16.514 0.747
79 1.361 17.047 0.7
80 1.375 16.341 0.772
81 1.36 16.165 0.758
84 1.314 15.708 0.791
85 1.284 15.262 0.772
86 1.26 16.4 0.747
87 1.187 14.409 0.796
88 1.262 14.06 0.72
89 1.356 15.182 0.731
91 1.348 16.263 0.765
92 1.228 15.885 0.698
93 1.292 15.843 0.817
95 1.285 13.561 0.661
96 1.215 14.103 0.722
97 1.277 15.657 0.689
98 1.247 17.763 0.732
99 1.264 15.685 0.749
100 1.246 15.493 0.767
101 1.354 15.096 0.743
102 1.383 14.296 0.77
103 1.287 14.373 0.691
104 1.31 14.169 0.724
107 1.185 15.607 0.759
108 1.231 17.292 0.821
109 1.315 16.71 0.7
110 1.26 14.687 0.704
111 1.346 14.991 0.759
112 1.311 14.933 0.66
113 1.353 15.79 0.608
115 1.439 15.85 0.756
116 1.366 14.446 0.742
118 1.385 17.118 0.741
119 1.339 16.802 0.811
120 1.321 16.378 0.778
125 1.294 18.281 0.673
126 1.347 21.023 0.641
129 1.469 17.565 0.826
130 1.535 15.841 0.734
134 1.383 14.738 0.794
135 1.452 15.849 0.739
136 1.331 15.392 0.664
139 1.387 14.293 0.709
140 1.435 14.639 0.72
141 1.35 14.528 0.726
142 1.386 15.057 0.772
144 1.33 16.397 0.77
145 1.281 15.392 0.868
146 1.442 15.923 0.809
147 1.257 16.95 0.856
148 1.365 16.113 0.713
149 1.403 15.686 0.781
151 1.373 16.775 0.664
152 1.317 16.228 0.738
153 1.353 14.633 0.742
156 1.294 14.771 0.668
158 1.325 14.141 0.813
159 1.404 16.196 0.783
161 1.315 14.958 0.692
162 1.194 15.566 0.725
164 1.422 17.147 0.671
167 1.376 19.881 0.795
168 1.329 18.131 0.772
169 1.342 16.905 0.777
173 1.331 14.977 0.745
175 1.336 13.691 0.734
177 1.421 16.449 0.862
178 1.345 15.12 0.847
179 1.423 17.01 0.82
182 1.393 15.802 0.703
183 1.264 14.402 0.821
184 1.411 16.777 0.804
185 1.4 16.332 0.662
187 1.42 15.071 0.801
188 1.333 16.172 0.705
190 1.485 15.436 0.712
191 1.446 16.408 0.744
192 1.356 15.409 0.708
193 1.412 14.76 0.695
195 1.255 13.634 0.643
196 1.138 12.407 0.419
198 1.267 16.708 0.83
199 1.339 15.044 0.751
200 1.351 15.005 0.707
201 1.3 15.554 0.774
203 1.385 15.968 0.707
204 1.391 15.965 0.85
205 1.475 16.206 0.771
206 1.384 15.776 0.757
208 1.362 15.09 0.764
209 1.41 16.196 0.741
210 1.374 17.775 0.78
211 1.318 15.819 0.792
212 1.349 18.114 0.778
215 1.371 15.39 0.783
216 1.299 23.64 0.618
218 1.209 20.546 0.73
219 1.325 18.888 1.02
220 1.31 17.293 0.727
222 1.308 14.378 0.764
223 1.217 15.362 0.814
225 1.208 13.678 0.635
226 1.169 13.753 0.72
229 1.34 15.796 0.79
230 1.266 15.696 0.846
231 1.282 16.014 0.821
232 1.254 19.481 0.918
234 1.21 17.629 0.817
237 1.331 17.25 0.753
239 1.311 15.918 0.742
240 1.35 17.264 0.756
242 1.345 17.085 0.69
243 1.371 17.321 0.762
247 1.426 15.583 0.683
248 1.389 16.496 0.742
250 1.256 18.474 0.768
251 1.35 22.163 0.685
252 1.24 16.298 0.775
255 1.47 15.727 0.672
257 1.326 15.411 0.752
258 1.324 15.568 0.865
260 1.233 16.648 0.768
263 1.231 18.272 0.808
264 1.383 14.276 0.735
266 1.344 13.9 0.706
267 1.26 16.208 0.733
272 1.312 16.003 0.794
273 1.413 17.081 0.735
274 1.336 16.582 0.789
275 1.36 17.272 0.704
276 1.416 15.031 0.736
278 1.367 13.983 0.671
279 1.367 16.145 0.734
281 1.328 15.844 0.814
282 1.391 15.485 0.744
283 1.417 16.758 0.754
286 1.276 13.341 0.733
