residue_number R1 R2 NOE
4 0.9149130832570905 1.6315875346712352 -1.38
5 1.287995878413189 2.5271670457417237 -0.65
7 1.2988699831146902 3.373819163292848 -0.21
8 1.3651877133105803 4.366812227074236 -0.02
9 1.3395847287340925 6.079027355623101 0.15
10 1.2827090815802975 6.587615283267457 0.23
11 1.4402995823131213 7.331378299120234 0.32
12 1.3280212483399734 9.208103130755065 0.39
13 1.3154433043935805 9.871668311944719 0.56
14 1.3772207684891888 10.183299389002036 0.51
15 1.295001295001295 10.787486515641856 0.62
16 1.1668611435239207 14.005602240896357 0.77
17 1.1788282447247436 12.953367875647668 0.77
18 1.2536041118214867 12.43781094527363 0.74
19 1.2351778656126482 13.227513227513228 0.76
20 1.2054001928640308 13.774104683195594 0.82
21 1.2309207287050714 13.280212483399735 0.81
22 1.25675505843911 13.123359580052494 0.78
23 1.194600406164138 13.679890560875513 0.85
24 1.17813383600377 14.90312965722802 0.78
25 1.3061650992685474 13.315579227696405 0.81
27 1.1846937566639024 16.233766233766232 0.82
28 1.1848341232227488 13.88888888888889 0.79
29 1.2764871074802144 12.804097311139566 0.85
30 1.157139551029854 13.679890560875513 0.79
31 1.238696890870804 13.297872340425531 0.81
32 1.152604887044721 12.547051442910915 0.8
33 1.2067093037287318 14.005602240896357 0.83
34 1.1788282447247436 12.953367875647668 0.78
35 1.2471938139186831 13.717421124828531 0.86
36 1.2363996043521266 13.679890560875513 0.76
38 1.2542330364981815 13.66120218579235 0.78
40 1.33422281521014 13.351134846461948 0.79
41 1.2396181975951406 13.192612137203167 0.79
42 1.2046741356463075 13.831258644536653 0.82
43 1.2377769525931428 13.297872340425531 0.77
44 1.1196954428395476 12.903225806451612 0.8
46 1.127777151234916 13.869625520110958 0.82
47 1.1287955751213457 14.57725947521866 0.79
48 1.1071744906997343 13.550135501355014 0.82
49 1.1175681716584713 14.064697609001408 0.78
50 1.1171936096525528 14.005602240896357 0.77
52 1.2020675561966583 13.831258644536653 0.81
53 1.3082155939298796 12.87001287001287 0.68
54 1.2001920307249159 14.85884101040119 0.89
55 1.2232415902140672 14.164305949008499 0.77
56 1.2768130745658834 14.471780028943561 0.78
58 1.1680878402055834 14.662756598240469 0.79
59 1.1710973181871414 13.812154696132595 0.78
60 1.1424654404204273 15.243902439024392 0.8
61 1.2125621438098702 15.384615384615385 0.77
62 1.1667250029168126 14.164305949008499 0.82
64 1.3248542660307367 16.58374792703151 0.74
65 1.2019230769230769 11.737089201877934 0.66
66 1.1530035743110805 10.626992561105208 0.65
67 1.2800819252432154 12.31527093596059 0.62
68 1.2755102040816326 11.325028312570781 0.59
69 1.2061271257990591 12.135922330097086 0.64
70 1.2758356723653994 11.750881316098708 0.65
71 1.271132579128003 12.224938875305623 0.66
73 1.210507202517855 12.453300124533001 0.67
74 1.4710208884966167 12.43781094527363 0.65
75 1.255808112520407 14.88095238095238 0.6
76 1.1798017932987257 12.239902080783354 0.56
78 1.2514078338130397 10.298661174047375 0.6
79 1.3609145345672293 15.06024096385542 0.67
80 1.337971635001338 11.46788990825688 0.72
81 1.3061650992685474 13.157894736842104 0.63
82 1.1903344839900012 19.76284584980237 0.72
84 1.3187392852433075 11.037527593818986 0.6
85 1.3377926421404682 10.559662090813093 0.5
86 1.2805736970162633 12.919896640826872 0.45
88 1.2577034335303734 16.863406408094434 0.52
89 1.2356357345854443 14.598540145985401 0.62
90 1.1232168931820734 12.970168612191959 0.48
91 1.2163970319912418 12.239902080783354 0.64
92 1.0778184953653804 12.40694789081886 0.68
94 1.170686022008897 12.674271229404308 0.71
95 1.2683916793505834 13.495276653171391 0.78
96 1.2035142616440004 13.157894736842104 0.79
97 1.1587485515643106 12.936610608020699 0.79
98 1.1512779184895234 13.908205841446453 0.79
99 1.1479738261967627 13.26259946949602 0.78
100 1.1678150181011329 13.495276653171391 0.76
101 1.1963153487259242 13.386880856760374 0.75
102 1.1328877308258751 13.157894736842104 0.72
103 1.1354604292040422 12.87001287001287 0.76
104 1.2202562538133008 12.658227848101266 0.77
105 1.2075836251660428 12.56281407035176 0.7
106 1.2377769525931428 6.238303181534622 0.29
107 1.1802195208308746 2.4557956777996073 -0.38
108 0.7392075694855116 1.3313806417254692 -1.13
