residue_number R1 R2 NOE
5 0.8340283569641367 9.174311926605505 0.705
6 1.3831258644536653 8.333333333333334 0.383
7 1.3262599469496021 15.15151515151515 0.713
8 1.4925373134328357 6.410256410256411 0.674
9 1.3550135501355014 12.048192771084336 0.801
10 1.2738853503184713 12.658227848101266 0.838
11 1.3157894736842106 10.526315789473685 0.858
12 1.366120218579235 12.195121951219512 0.806
13 1.314060446780552 12.658227848101266 0.883
14 1.2886597938144329 13.513513513513514 0.854
15 1.2690355329949239 10.75268817204301 0.784
16 1.2106537530266344 10.869565217391305 0.674
17 1.3262599469496021 9.25925925925926 0.605
18 1.3458950201884252 12.048192771084336 0.653
19 1.2239902080783354 10.638297872340425 0.717
20 1.2690355329949239 11.904761904761903 0.834
21 1.3089005235602094 8.928571428571429 0.758
22 1.4204545454545456 12.658227848101266 0.841
23 1.3003901170351104 10.204081632653061 0.865
24 1.2690355329949239 12.048192771084336 0.883
25 1.443001443001443 10.75268817204301 0.868
26 1.461988304093567 11.904761904761903 0.866
27 1.3440860215053763 12.5 0.83
28 1.3812154696132597 11.363636363636365 0.807
29 1.3404825737265416 13.157894736842106 0.811
30 1.2836970474967908 11.904761904761903 0.809
31 1.2804097311139564 10.204081632653061 0.82
32 1.3297872340425532 11.363636363636365 0.762
33 1.2658227848101264 12.195121951219512 0.805
34 1.2886597938144329 11.76470588235294 0.798
35 1.2531328320802004 12.195121951219512 0.882
36 1.3245033112582782 13.157894736842106 0.845
37 1.3297872340425532 14.084507042253522 0.811
38 1.2853470437017995 11.11111111111111 0.804
40 1.2077294685990339 12.658227848101266 0.837
41 1.2755102040816326 12.5 0.852
42 1.3831258644536653 12.658227848101266 0.867
43 1.4124293785310735 12.048192771084336 0.805
44 1.3315579227696406 12.345679012345679 0.837
45 1.364256480218281 11.627906976744187 0.844
46 1.392757660167131 11.49425287356322 0.826
47 1.2658227848101264 11.904761904761903 0.795
48 1.3262599469496021 10.989010989010989 0.777
49 1.277139208173691 12.820512820512821 0.833
50 1.1947431302270013 13.513513513513514 0.825
51 1.3736263736263736 13.333333333333334 0.788
52 1.278772378516624 11.363636363636365 0.813
53 1.3531799729364005 11.49425287356322 0.853
54 1.3908205841446455 14.285714285714285 0.825
55 1.3623978201634879 13.157894736842106 0.829
56 1.366120218579235 13.333333333333334 0.885
57 1.3679890560875514 11.627906976744187 0.832
58 1.3550135501355014 13.157894736842106 0.883
59 1.321003963011889 9.803921568627452 0.834
60 1.3123359580052494 11.904761904761903 0.777
62 1.2853470437017995 10.638297872340425 0.754
63 1.1135857461024499 12.195121951219512 0.76
64 1.4347202295552368 11.904761904761903 0.812
65 1.2121212121212122 14.285714285714285 0.816
66 1.5037593984962405 11.904761904761903 0.881
70 1.1806375442739079 12.195121951219512 0.841
71 1.4534883720930234 13.513513513513514 0.843
72 1.404494382022472 12.658227848101266 0.867
73 1.455604075691412 11.235955056179776 0.872
74 1.3458950201884252 11.76470588235294 0.816
75 1.358695652173913 12.048192771084336 0.861
76 1.4450867052023122 12.987012987012987 0.817
77 1.2531328320802004 11.49425287356322 0.806
78 1.4144271570014144 14.705882352941176 0.847
79 1.663893510815308 10.416666666666666 0.715
80 1.4749262536873156 9.900990099009901 0.7
81 1.6722408026755853 11.627906976744187 0.771
82 1.36986301369863 10.869565217391305 0.673
83 1.41643059490085 9.708737864077671 0.537
84 1.2484394506866416 12.5 0.853
85 1.2903225806451613 12.345679012345679 0.889
86 1.277139208173691 10.989010989010989 0.807
87 1.221001221001221 11.363636363636365 0.804
88 1.3908205841446455 13.88888888888889 0.885
89 1.3123359580052494 12.195121951219512 0.869
90 1.3774104683195594 10.869565217391305 0.804
91 1.3531799729364005 10.989010989010989 0.834
92 1.4245014245014247 13.88888888888889 0.849
93 1.314060446780552 11.235955056179776 0.822
94 1.1587485515643106 10.75268817204301 0.851
95 1.310615989515072 10.638297872340425 0.736
96 1.4326647564469914 10.204081632653061 0.59
97 1.321003963011889 9.174311926605505 0.57
98 1.4925373134328357 10.309278350515463 0.584
99 1.2195121951219512 10.75268817204301 0.634
100 1.2738853503184713 12.5 0.815
103 1.3280212483399734 12.987012987012987 0.798
104 1.3550135501355014 13.157894736842106 0.89
105 1.36986301369863 10.526315789473685 0.864
106 1.3966480446927374 10.0 0.767
107 1.366120218579235 13.157894736842106 0.841
108 1.2804097311139564 12.820512820512821 0.831
110 1.3793103448275863 12.048192771084336 0.827
111 1.4662756598240467 9.900990099009901 0.782
112 1.3333333333333333 11.363636363636365 0.765
113 1.3071895424836601 12.658227848101266 0.856
114 1.3458950201884252 12.048192771084336 0.775
115 1.2690355329949239 12.820512820512821 0.809
116 1.349527665317139 12.5 0.839
117 1.349527665317139 12.195121951219512 0.784
118 1.277139208173691 10.638297872340425 0.793
120 1.2642225031605563 10.869565217391305 0.833
121 1.375515818431912 13.513513513513514 0.856
122 1.3071895424836601 11.76470588235294 0.879
123 1.4641288433382136 14.084507042253522 0.839
124 1.2239902080783354 12.345679012345679 0.85
125 1.2453300124533 11.363636363636365 0.808
126 1.2755102040816326 11.363636363636365 0.845
127 1.3531799729364005 10.869565217391305 0.837
128 1.392757660167131 12.5 0.836
129 1.3623978201634879 12.658227848101266 0.857
130 1.2224938875305624 12.345679012345679 0.89
133 1.3297872340425532 15.384615384615383 0.877
134 1.2936610608020698 11.76470588235294 0.908
135 1.282051282051282 8.264462809917356 0.903
136 1.3717421124828533 25.641025641025642 0.81
137 1.3513513513513513 11.76470588235294 0.873
138 1.364256480218281 14.084507042253522 0.888
140 1.3736263736263736 12.345679012345679 0.824
141 1.148105625717566 12.048192771084336 0.833
142 1.2642225031605563 12.345679012345679 0.793
143 1.4471780028943562 14.285714285714285 0.804
144 1.4224751066856332 12.195121951219512 0.746
145 1.2578616352201257 11.904761904761903 0.849
146 1.3071895424836601 10.638297872340425 0.841
147 1.3717421124828533 10.989010989010989 0.865
148 1.3908205841446455 12.195121951219512 0.825
149 1.3245033112582782 13.157894736842106 0.882
150 1.277139208173691 11.627906976744187 0.88
151 1.2804097311139564 12.048192771084336 0.821
152 1.4727540500736376 12.820512820512821 0.868
153 1.2594458438287153 9.090909090909092 0.81
154 1.1441647597254005 9.25925925925926 0.817
155 1.2706480304955527 10.526315789473685 0.898
156 1.2804097311139564 11.49425287356322 0.848
157 1.2936610608020698 9.615384615384615 0.797
158 1.36986301369863 11.904761904761903 0.834
159 1.400560224089636 11.904761904761903 0.808
160 1.3623978201634879 11.235955056179776 0.845
161 1.2804097311139564 12.048192771084336 0.85
162 1.597444089456869 6.849315068493151 0.917
163 1.392757660167131 12.820512820512821 0.861
164 1.2987012987012987 10.989010989010989 0.847
165 1.402524544179523 12.658227848101266 0.85
166 1.3280212483399734 10.75268817204301 0.859
167 1.2936610608020698 11.627906976744187 0.734
168 1.2987012987012987 15.384615384615383 0.807
169 1.404494382022472 17.543859649122805 0.789
170 1.342281879194631 13.513513513513514 0.602
171 1.639344262295082 8.0 0.476
172 1.529051987767584 6.756756756756757 0.19
