residue_number R1 R2 NOE
6 1.4814814814814814 1.179245283018868 0.364
7 1.8148820326678765 8.771929824561402 0.725
8 1.7301038062283738 8.928571428571429 0.757
9 1.7761989342806397 8.064516129032258 0.824
10 1.7636684303350971 7.692307692307692 0.841
11 1.838235294117647 7.4074074074074066 0.838
12 1.8867924528301885 7.575757575757575 0.819
13 1.953125 8.474576271186441 0.799
14 1.8484288354898335 8.130081300813009 0.822
15 1.7361111111111112 6.410256410256411 0.801
16 1.4792899408284024 4.9504950495049505 0.71
17 1.639344262295082 5.555555555555555 0.677
18 1.6474464579901154 6.134969325153374 0.643
19 1.6129032258064517 6.993006993006993 0.787
20 1.7889087656529514 7.575757575757575 0.796
21 1.7152658662092626 6.578947368421053 0.777
22 1.9455252918287937 7.8125 0.821
23 1.8939393939393938 7.352941176470588 0.855
24 1.8761726078799248 8.264462809917356 0.815
25 2.028397565922921 7.8125 0.9
26 1.838235294117647 7.936507936507937 0.839
27 1.949317738791423 8.264462809917356 0.83
28 1.8621973929236497 8.0 0.799
29 1.8115942028985506 8.0 0.811
30 1.937984496124031 7.8125 0.817
31 1.9083969465648853 7.692307692307692 0.857
32 1.858736059479554 7.8125 0.799
33 1.7921146953405016 7.246376811594202 0.788
34 1.9083969465648853 8.333333333333334 0.828
35 1.8050541516245486 7.936507936507937 0.83
36 1.8450184501845017 7.518796992481203 0.813
37 1.9120458891013383 8.333333333333334 0.845
38 1.7953321364452421 8.264462809917356 0.815
40 1.8050541516245486 8.333333333333334 0.828
41 1.838235294117647 8.264462809917356 0.829
42 1.9011406844106462 7.633587786259541 0.806
43 1.976284584980237 8.064516129032258 0.821
44 1.9267822736030829 8.0 0.841
45 1.8656716417910446 8.130081300813009 0.816
46 1.9801980198019802 8.130081300813009 0.802
47 1.9193857965451055 7.874015748031496 0.797
48 1.7985611510791366 7.194244604316546 0.764
49 1.8214936247723132 8.849557522123893 0.838
51 1.7094017094017095 6.849315068493151 0.805
52 1.7825311942959 7.4074074074074066 0.792
53 1.7825311942959 7.462686567164178 0.805
54 1.8975332068311195 8.064516129032258 0.831
55 1.9267822736030829 8.064516129032258 0.833
56 1.949317738791423 7.874015748031496 0.834
57 1.9267822736030829 8.130081300813009 0.832
59 1.7953321364452421 7.352941176470588 0.756
60 1.5772870662460567 6.410256410256411 0.762
62 1.6722408026755853 6.756756756756757 0.78
63 1.5082956259426847 5.1020408163265305 0.761
65 1.773049645390071 9.090909090909092 0.801
66 2.004008016032064 8.130081300813009 0.812
70 1.858736059479554 7.874015748031496 0.799
71 1.9841269841269842 8.928571428571429 0.837
72 1.9920318725099602 8.333333333333334 0.811
73 2.0 8.849557522123893 0.874
74 1.9801980198019802 7.8125 0.793
75 1.9880715705765408 8.19672131147541 0.827
76 1.9607843137254901 8.474576271186441 0.832
77 2.1691973969631237 9.708737864077671 0.957
78 1.589825119236884 5.88235294117647 0.622
79 1.7152658662092626 6.097560975609756 0.611
80 1.7241379310344829 7.575757575757575 0.748
81 1.824817518248175 5.524861878453039 0.727
82 1.589825119236884 5.780346820809249 0.556
83 1.5384615384615383 5.405405405405405 0.601
84 1.7605633802816902 6.8965517241379315 0.768
85 1.9193857965451055 9.00900900900901 0.783
86 1.9083969465648853 8.264462809917356 0.842
87 1.9801980198019802 7.936507936507937 0.821
88 1.9801980198019802 8.695652173913043 0.815
89 1.8975332068311195 7.4074074074074066 0.767
90 1.9646365422396856 8.403361344537815 0.855
91 1.8796992481203008 7.874015748031496 0.864
92 1.7301038062283738 8.0 0.8
93 1.7482517482517483 7.092198581560284 0.794
94 1.9267822736030829 8.928571428571429 0.793
95 1.858736059479554 7.633587786259541 0.756
96 1.7094017094017095 5.58659217877095 0.625
97 1.6501650165016502 5.0761421319796955 0.564
98 1.6778523489932886 6.0606060606060606 0.65
99 1.721170395869191 8.0 0.745
100 1.7857142857142856 7.751937984496124 0.772
101 1.7857142857142856 5.2631578947368425 0.706
102 1.8348623853211008 10.638297872340425 0.82
103 1.8975332068311195 7.462686567164178 0.853
104 1.949317738791423 8.333333333333334 0.808
105 1.9267822736030829 8.064516129032258 0.839
106 1.7889087656529514 7.246376811594202 0.881
107 1.8691588785046729 8.403361344537815 0.792
110 1.8867924528301885 7.633587786259541 0.799
113 1.5384615384615383 5.988023952095808 0.767
114 1.8281535648994514 8.0 0.797
115 1.7699115044247788 7.575757575757575 0.808
116 1.9193857965451055 8.130081300813009 0.824
117 1.7985611510791366 7.352941176470588 0.811
118 1.8796992481203008 7.462686567164178 0.803
120 1.8726591760299625 9.090909090909092 0.856
121 1.9455252918287937 8.333333333333334 0.876
122 1.8484288354898335 7.8125 0.789
123 1.7636684303350971 7.352941176470588 0.707
124 1.824817518248175 7.692307692307692 0.79
125 1.8416206261510129 7.751937984496124 0.771
126 1.572327044025157 6.134969325153374 0.664
127 1.9157088122605364 9.00900900900901 0.852
128 1.9342359767891681 8.695652173913043 0.867
129 1.7636684303350971 7.8125 0.856
130 1.7452006980802794 8.264462809917356 0.843
133 1.9455252918287937 10.0 0.811
134 1.923076923076923 8.928571428571429 0.812
135 1.9047619047619047 10.526315789473685 0.819
136 1.9047619047619047 12.987012987012987 0.832
137 1.9841269841269842 9.25925925925926 0.845
138 1.996007984031936 8.695652173913043 0.838
139 2.028397565922921 7.246376811594202 0.837
140 1.7271157167530227 7.518796992481203 0.787
141 1.7699115044247788 8.771929824561402 0.817
142 1.824817518248175 7.692307692307692 0.784
143 1.9011406844106462 8.403361344537815 0.806
144 1.733102253032929 6.849315068493151 0.71
145 1.7825311942959 8.849557522123893 0.801
146 1.996007984031936 7.142857142857142 0.836
147 1.9880715705765408 8.0 0.808
148 1.9455252918287937 7.575757575757575 0.834
149 1.9193857965451055 8.333333333333334 0.796
150 1.824817518248175 7.633587786259541 0.817
151 1.8903591682419658 8.333333333333334 0.853
152 1.9342359767891681 8.333333333333334 0.81
153 1.8552875695732838 9.090909090909092 0.842
154 1.5847860538827259 5.555555555555555 0.826
156 1.7543859649122808 7.936507936507937 0.855
158 1.9455252918287937 7.751937984496124 0.781
159 1.8181818181818181 7.042253521126761 0.79
160 2.0202020202020203 8.474576271186441 0.792
161 1.9305019305019304 8.064516129032258 0.812
162 1.9083969465648853 8.547008547008547 0.778
163 1.953125 7.352941176470588 0.759
164 1.8975332068311195 7.518796992481203 0.788
165 2.0 8.695652173913043 0.827
166 2.074688796680498 8.695652173913043 0.789
167 1.9455252918287937 7.751937984496124 0.726
168 1.9455252918287937 12.048192771084336 0.792
169 1.9267822736030829 11.11111111111111 0.782
170 1.6611295681063123 7.042253521126761 0.565
171 1.5151515151515151 4.310344827586206 0.416
