residue_number R1 R2 NOE
20 1.321 13.57 0.497
21 1.338 16.98 0.559
25 1.173 17.39 0.829
26 1.181 17.89 0.785
27 1.187 18.34 0.788
28 1.191 17.08 0.805
29 1.203 17.76 0.795
30 1.156 18.42 0.796
31 1.239 14.98 0.693
32 1.168 18.76 0.774
33 1.188 17.5 0.812
34 1.17 17.16 0.706
35 1.134 17.04 0.763
37 1.421 15.04 0.641
38 1.462 15.29 0.587
39 1.357 12.0 0.508
40 1.437 10.9 0.45
41 1.439 14.6 0.552
42 1.587 11.86 0.523
44 1.456 10.57 0.476
45 1.52 12.8 0.436
46 1.54 10.41 0.446
47 1.495 9.65 0.384
49 1.472 11.89 0.526
50 1.321 19.03 0.582
51 1.21 17.32 0.774
52 1.187 16.6 0.738
53 1.249 18.85 0.845
54 1.286 16.98 0.894
55 1.229 20.27 0.778
57 1.248 21.84 0.722
58 1.261 22.38 0.805
59 1.212 18.41 0.781
60 1.291 19.71 0.787
61 1.103 17.88 0.863
62 1.174 19.99 0.837
63 1.206 18.87 0.791
64 1.136 22.31 0.794
65 1.141 25.25 0.745
66 1.186 24.48 0.778
67 1.193 20.75 0.788
68 1.152 18.2 0.804
69 1.182 15.44 0.684
70 0.969 9.62 0.758
76 1.325 20.02 0.665
77 1.263 13.08 0.437
79 1.333 17.04 0.781
80 1.259 18.13 0.778
81 1.169 18.16 0.806
82 1.235 16.41 0.788
83 1.236 16.97 0.791
84 1.176 16.91 0.827
86 1.218 17.19 0.807
88 1.171 17.82 0.832
89 1.295 14.57 0.737
90 1.186 14.46 0.606
92 1.291 16.64 0.763
93 1.174 16.79 0.802
94 1.218 16.03 0.781
95 1.157 17.68 0.806
96 1.155 18.14 0.792
97 1.147 16.99 0.786
98 1.152 18.05 0.816
99 1.14 18.3 0.827
100 1.13 17.15 0.768
101 1.135 16.92 0.742
102 1.228 18.96 0.792
103 1.163 17.31 0.806
104 1.222 16.41 0.703
105 1.235 15.57 0.795
106 1.196 15.38 0.792
107 1.216 15.86 0.815
108 1.212 17.1 0.805
109 1.131 17.07 0.824
110 1.171 17.4 0.877
111 1.327 18.29 0.772
112 1.256 18.74 0.803
113 1.188 16.88 0.785
117 1.349 14.42 0.529
118 1.461 15.43 0.534
121 1.26 21.39 0.518
122 1.283 20.79 0.758
124 1.346 20.18 0.771
126 1.195 17.34 0.778
127 1.189 16.71 0.791
128 1.244 16.72 0.764
129 1.227 16.0 0.783
130 1.255 15.8 0.771
131 1.17 16.56 0.755
132 1.131 16.63 0.793
133 1.48 11.7 0.624
135 1.223 16.61 0.714
136 1.164 16.15 0.643
137 1.075 15.13 0.701
138 1.144 14.69 0.743
140 1.137 17.5 0.734
142 1.169 16.72 0.82
143 1.166 16.69 0.743
144 1.144 17.66 0.762
145 1.178 16.87 0.791
146 1.169 17.4 0.835
147 1.162 18.53 0.818
148 1.182 17.33 0.785
149 1.172 15.71 0.772
151 1.211 17.21 0.81
152 1.246 16.26 0.792
153 1.249 16.46 0.823
154 1.193 18.2 0.818
155 1.226 16.72 0.83
156 1.258 16.81 0.868
157 1.209 15.55 0.825
158 1.266 17.64 0.83
159 1.202 17.25 0.807
160 1.225 18.62 0.807
161 1.258 16.41 0.786
163 1.076 15.47 0.78
164 1.111 15.79 0.782
165 1.138 16.82 0.768
166 1.136 16.43 0.799
167 1.214 15.89 0.817
168 1.242 18.07 0.843
169 1.175 16.23 0.806
171 1.172 15.09 0.795
172 1.216 10.83 0.275
173 1.231 15.78 0.709
174 1.238 15.47 0.737
175 1.226 16.11 0.773
176 1.2 16.48 0.82
177 1.19 15.95 0.741
178 1.2 15.98 0.806
179 1.152 16.67 0.764
180 1.185 16.66 0.67
