residue_number R1 R2 NOE
20 1.16 17.9 17.9
21 1.204 22.55 22.55
25 0.958 21.85 21.85
26 0.903 23.18 23.18
27 0.921 23.43 23.43
28 0.943 21.78 21.78
29 0.942 22.43 22.43
30 0.924 23.7 23.7
31 0.951 21.22 21.22
32 0.958 24.33 24.33
33 0.953 22.68 22.68
34 0.946 20.4 20.4
35 0.915 20.52 20.52
37 1.216 19.57 19.57
38 1.291 19.46 19.46
39 1.247 15.26 15.26
40 1.319 14.21 14.21
41 1.307 18.52 18.52
42 1.375 15.51 15.51
44 1.343 13.3 13.3
45 1.366 15.99 15.99
46 1.382 13.18 13.18
47 1.339 12.28 12.28
49 1.293 15.29 15.29
50 1.05 22.5 22.5
51 0.965 22.82 22.82
52 0.92 22.64 22.64
53 0.992 22.7 22.7
54 1.013 23.46 23.46
55 1.015 26.96 26.96
57 1.052 29.86 29.86
58 1.068 28.39 28.39
59 1.0 32.54 32.54
60 1.006 27.17 27.17
61 0.919 23.37 23.37
62 0.966 25.27 25.27
63 0.942 25.34 25.34
64 0.939 28.71 28.71
65 0.9 35.67 35.67
66 0.967 31.44 31.44
67 0.99 28.08 28.08
68 0.938 23.12 23.12
69 0.997 21.22 21.22
70 0.859 25.21 25.21
76 1.157 25.72 25.72
77 1.111 17.47 17.47
79 1.144 21.91 21.91
80 1.02 24.22 24.22
81 0.958 23.73 23.73
82 1.003 21.82 21.82
83 0.977 22.4 22.4
84 0.942 23.08 23.08
86 0.995 21.27 21.27
88 0.916 21.58 21.58
89 1.053 18.65 18.65
90 0.981 17.39 17.39
92 1.073 21.7 21.7
93 0.946 21.72 21.72
94 0.967 20.92 20.92
95 0.913 21.85 21.85
96 0.918 23.78 23.78
97 0.918 22.54 22.54
98 0.922 22.96 22.96
99 0.883 23.28 23.28
100 0.899 22.32 22.32
101 0.914 20.82 20.82
102 0.981 24.22 24.22
103 0.973 22.44 22.44
104 0.97 21.51 21.51
105 1.021 19.35 19.35
106 0.93 20.54 20.54
107 0.997 19.71 19.71
108 0.983 22.18 22.18
109 0.935 22.17 22.17
110 0.952 20.88 20.88
111 1.059 23.51 23.51
112 1.023 23.89 23.89
113 0.969 21.04 21.04
117 1.193 17.38 17.38
118 1.264 19.1 19.1
121 1.135 26.92 26.92
122 1.037 26.14 26.14
124 0.971 25.55 25.55
126 0.957 21.44 21.44
127 0.965 21.89 21.89
128 0.988 21.64 21.64
129 0.987 21.88 21.88
130 1.027 20.51 20.51
131 0.943 21.09 21.09
132 0.906 21.54 21.54
133 1.327 13.58 13.58
135 1.007 22.5 22.5
136 0.954 20.69 20.69
137 0.877 20.05 20.05
138 0.922 19.96 19.96
140 1.113 20.21 20.21
142 0.934 21.36 21.36
143 0.995 20.63 20.63
144 0.899 22.84 22.84
145 1.363 22.08 22.08
146 0.899 23.04 23.04
147 0.921 23.57 23.57
148 0.936 21.86 21.86
149 0.939 21.18 21.18
151 0.981 22.33 22.33
152 0.98 21.94 21.94
153 0.995 22.09 22.09
154 0.916 23.11 23.11
155 0.952 20.61 20.61
156 0.98 20.77 20.77
157 0.961 18.97 18.97
158 0.988 22.62 22.62
159 0.944 20.99 20.99
160 0.976 22.59 22.59
161 1.023 21.28 21.28
163 0.918 20.12 20.12
164 0.895 21.05 21.05
165 0.914 20.04 20.04
166 0.899 21.02 21.02
167 0.986 19.95 19.95
168 0.967 21.98 21.98
169 0.929 20.04 20.04
171 0.938 17.65 17.65
172 1.059 14.98 14.98
173 1.036 20.52 20.52
174 1.02 20.35 20.35
175 0.98 19.6 19.6
176 0.965 21.15 21.15
177 0.952 19.91 19.91
178 0.957 21.26 21.26
179 0.924 19.81 19.81
180 0.969 20.81 20.81
