residue_number R1 R2 NOE
9 0.679579 21.7964 0.885425
13 0.68498 24.831 0.782832
14 0.624379 24.7889 1.018188
15 0.633057 22.9481 1.009094
16 0.672508 25.1175 0.753019
17 0.680539 26.0247 0.874147
20 0.734569 23.517 0.784512
23 0.652474 25.9435 0.910675
24 0.65979 24.6549 1.110861
26 0.604488 19.9933 0.881682
28 0.637438 20.3221 0.680595
32 0.670182 25.2639 0.765612
34 0.631699 24.4639 0.817578
40 0.679041 21.6507 0.527391
42 0.631404 23.7514 0.831929
43 0.687841 27.1422 0.712939
45 0.675878 20.922 0.739783
48 0.741953 25.7627 0.858278
50 0.678445 24.4686 1.054095
52 0.664443 23.827 0.878715
54 0.589901 23.3892 0.822385
55 0.608305 22.9367 0.962051
56 0.618999 23.6508 0.918418
57 0.602391 24.0303 0.787783
62 0.709382 23.5085 0.898497
63 0.695174 24.1923 0.951721
64 0.636974 24.5543 0.84163
65 0.662726 24.8108 0.864733
66 0.655175 23.2668 0.841621
67 0.687079 24.7987 0.843055
70 0.614444 24.3015 0.818341
76 0.720761 26.3526 0.661684
79 0.654486 24.688 0.682575
81 0.616893 22.5319 0.746405
82 0.642804 24.8028 0.887345
85 0.626714 26.6699 0.751752
86 0.659965 23.2844 0.870434
87 0.646048 24.758 0.964447
89 0.753962 23.1194 0.906127
90 0.724131 23.4412 0.963784
91 0.668173 26.2282 0.926081
93 0.655284 24.4217 0.709822
95 0.700161 22.1142 0.757573
96 0.831178 24.7853 0.892704
98 0.778292 22.1484 0.721644
99 0.69948 21.2318 1.117228
100 0.70188 27.7807 0.717694
110 0.729255 24.4981 0.948345
113 0.672105 22.2143 0.980709
115 0.659016 25.5694 0.77391
117 0.635318 23.2247 0.913206
118 0.6281 24.2867 0.724937
120 0.621446 21.3628 0.687183
121 0.678193 24.4787 0.819494
128 0.747701 24.0559 0.718141
129 0.718384 23.029 0.838711
130 0.755299 23.9662 0.772807
131 0.678852 26.112 0.601111
132 0.732494 27.3493 0.757643
133 0.731356 22.1744 0.702029
134 0.713535 22.8932 0.848253
135 0.674401 21.7337 0.975253
136 0.664761 22.7268 0.896037
141 0.670502 21.3533 1.004688
143 0.624454 22.3586 1.420381
144 0.64791 22.4079 1.005088
145 0.713169 26.9895 0.987267
146 0.667751 22.8339 0.802338
147 0.655635 23.6362 0.754562
148 0.691681 24.8868 0.844576
149 0.715464 26.0446 0.976853
151 0.628836 23.4394 0.905992
152 0.598719 25.0709 0.978215
153 0.63621 21.8161 0.86896
154 0.718962 24.7617 1.569805
155 0.672971 22.7237 1.041063
166 0.695195 22.9997 0.944766
168 0.621942 23.9788 0.838637
169 0.644359 20.5847 0.835158
170 0.609807 22.355 0.920828
175 0.723171 24.6675 0.831043
180 0.581296 20.5424 0.97129
181 0.588592 21.1769 0.987539
182 0.651094 25.982 0.75059
183 0.66739 24.3009 0.88051
184 0.696821 18.22 0.808608
185 0.689467 24.9639 1.004466
187 0.69281 22.0525 0.810122
188 0.678152 20.9663 0.74005
190 0.754828 21.3767 0.69688
191 0.818393 18.9436 0.675407
199 0.701414 21.6128 0.826405
200 0.711407 23.3914 0.733144
201 0.672268 20.3174 0.936913
202 0.704056 23.0138 0.790281
203 0.584477 23.8793 0.723385
204 0.626403 21.5295 0.691917
205 0.674608 23.1395 0.838632
