residue_number R1 R2 NOE
9 0.5948337 23.9662 0.835513
11 0.58383896 24.3985 0.894946
12 0.63231177 25.902 0.886556
13 0.63781844 27.8382 0.876751
14 0.5832391 26.8137 0.834763
15 0.58455989 25.0382 0.825678
16 0.60587969 25.0733 0.811645
17 0.59105583 25.4484 0.825671
19 0.76366864 24.5119 0.778228
20 0.70574049 25.5043 0.934062
21 0.65049392 23.8855 0.816965
22 0.58736277 23.408 0.786924
23 0.60789567 24.4599 0.774774
24 0.63937971 26.0756 0.871285
26 0.57743478 22.377 0.882974
28 0.54336305 22.2639 0.710722
32 0.61575859 24.9076 0.833581
34 0.58915747 25.5538 0.837569
40 0.56820609 27.2498 0.824994
42 0.64205291 25.6596 0.782817
43 0.67969585 28.9059 0.845577
45 0.68115702 25.0961 0.893379
48 0.75623911 27.2105 0.888362
50 0.688083 27.2845 0.833647
52 0.61496678 25.9599 0.864168
54 0.54327424 23.8439 0.873515
55 0.57262873 24.074 0.808848
56 0.56953546 25.7138 0.980947
57 0.57124066 24.8323 0.804773
58 0.67945973 23.2443 0.966914
62 0.67180755 24.2882 0.850682
63 0.69224466 23.9117 0.720787
64 0.61709933 25.3741 0.863154
65 0.59875658 25.3627 0.837743
66 0.60149018 25.2403 0.855847
67 0.60377762 24.3019 0.839616
70 0.57138797 25.1656 0.794308
71 0.6680234 25.4217 0.818604
72 0.77662936 27.6353 0.883468
73 0.734561 25.5136 0.92259
74 0.77752598 29.9409 0.773482
75 0.8122156 26.2592 0.764659
76 0.67540889 27.0145 0.926934
78 0.63164521 23.0016 0.793493
79 0.66811859 25.5794 0.834486
81 0.60222243 23.8154 0.844732
82 0.59645791 25.1831 0.843103
85 0.56949227 26.257 0.83026
86 0.59480472 26.0457 0.822963
87 0.58615028 25.3064 0.817902
89 0.6534548 24.6198 0.745822
90 0.66331847 25.4578 0.760005
91 0.63518098 25.3186 0.88363
93 0.60206806 25.8331 0.876477
95 0.64190464 23.3119 0.757819
96 0.78093357 24.4994 0.725902
98 0.77096212 23.9028 0.783823
99 0.68604376 24.825 0.844209
100 0.71040354 25.3495 0.702421
105 0.83603211 20.7957 0.698106
109 0.79989054 25.9072 0.758685
110 0.71639646 26.5568 0.762585
113 0.6320478 25.3585 0.885986
115 0.61826801 26.2831 0.785558
117 0.58675069 25.0484 0.856712
118 0.60932531 25.2143 0.771738
120 0.58405398 22.4204 0.716384
121 0.64312678 25.4285 0.781179
128 0.7006705 24.5984 0.884509
129 0.70041425 25.1645 0.8097
130 0.70414052 25.7856 0.83983
131 0.65771557 25.7568 0.817806
132 0.70196478 26.082 0.882192
133 0.68287686 25.0249 0.827814
134 0.65364733 25.8611 0.850448
135 0.65528778 23.9556 0.962538
136 0.6370307 24.9776 0.831854
139 0.6102443 25.8282 0.892853
141 0.60942615 25.6012 0.835933
143 0.57067003 24.5337 0.840863
144 0.60975847 26.3789 0.862348
145 0.58628526 28.653 0.839847
146 0.6082024 26.2168 0.830626
147 0.60065126 25.1748 0.845154
148 0.65297784 25.9421 0.925511
149 0.63844544 25.9857 0.788928
151 0.60125729 26.5126 0.861918
152 0.58910149 26.4933 0.785396
153 0.62168335 23.7641 0.771728
154 0.6869312 24.545 0.825421
155 0.63937659 25.7677 0.837094
166 0.60081348 25.1718 0.798724
168 0.58959956 25.2333 0.908521
169 0.58612073 23.6375 0.855535
170 0.56845061 25.3046 0.838892
175 0.73044298 24.878 0.807739
180 0.58295935 24.7966 0.783601
181 0.52315346 23.522 0.750448
182 0.58531363 25.4125 0.887933
183 0.62078398 25.8835 0.859291
184 0.61280579 23.4542 0.855202
185 0.6754025 25.7832 0.874915
187 0.62998335 24.5181 0.87931
188 0.66314225 23.3003 0.7825
190 0.72861118 24.0553 0.737456
191 0.78688197 21.5551 0.691924
193 1.0440701 20.4573 0.658108
196 0.70131203 25.6603 0.766099
199 0.67203181 24.2586 0.822565
200 0.66957393 24.9176 0.826287
201 0.63183948 22.7262 0.777054
202 0.62908014 24.6068 0.788235
203 0.57923753 24.7162 0.852802
204 0.55075093 24.3724 0.805427
205 0.59472039 24.9701 0.796204
