residue_number R1 R2 NOE
9 1.0648696 18.1974 0.68196
11 1.0580524 18.7823 0.909238
12 1.3055245 18.2696 0.716323
13 1.1093414 21.4013 1.001866
14 1.0807717 19.8929 1.01846
15 1.1074821 20.9297 0.71484
16 1.0962342 20.3598 0.683507
17 1.0913903 22.2933 0.703809
19 0.94589135 18.6415 0.750933
20 1.0967202 22.5657 0.839754
21 1.2418848 19.6614 0.575275
22 0.95981634 19.6216 0.612193
23 1.1617294 18.1593 0.739745
24 1.1413731 20.5762 0.730379
26 0.98478276 17.9292 0.716427
28 1.0444725 15.3797 0.655603
32 1.0488796 19.2457 0.836218
34 0.999163 19.3916 1.047873
40 1.0664956 18.2778 0.815391
42 0.99784847 19.5431 0.699975
43 1.0460438 20.6599 0.798467
45 1.0328579 17.7979 0.80758
48 1.120999 19.8339 0.832019
50 1.1728667 20.9443 0.846808
52 1.0268017 17.3308 0.811539
54 1.1743643 17.4444 0.857247
55 1.0111484 18.6148 0.797629
56 1.1038591 19.2542 0.746686
57 1.0143959 17.6379 0.672511
58 1.0692384 20.0035 0.67059
62 1.1172939 18.0325 0.784138
63 1.0656595 19.8798 1.048383
64 1.0544855 19.0073 0.808622
65 1.0648306 18.8879 0.818907
66 1.1175886 17.4485 0.852352
67 1.0856484 19.7695 0.757301
70 1.0700377 18.666 0.760156
71 0.97145417 18.6767 0.727946
72 1.1735923 21.0035 0.825261
73 1.0542328 21.1914 0.929337
74 0.88948499 17.9918 0.890372
75 1.0834155 18.7832 0.732053
76 1.1961286 21.5437 0.795584
78 1.0596746 19.2697 0.806643
79 1.1161623 18.9149 0.836175
81 1.0542576 18.3983 0.778831
82 0.97270849 19.1516 0.780244
85 1.1099129 17.2487 0.896826
86 1.0852176 19.0952 0.837845
87 0.89707404 20.5869 0.711955
89 1.0966922 20.0236 0.732727
90 1.0100572 19.4965 0.681457
91 1.1519563 17.5248 0.641608
93 1.0089055 22.0401 0.769815
95 1.0135067 19.1104 0.831267
96 1.1813711 18.4059 0.608698
98 1.0711111 19.6205 0.685918
99 1.1242862 18.1819 0.812278
100 1.0757163 19.609 0.880414
105 1.3696773 17.0315 0.61786
109 1.3032977 20.5936 0.72641
110 1.0469367 19.3869 0.715685
113 1.0906787 19.3728 0.711322
115 1.1094608 19.4146 0.796561
117 1.1341544 20.9882 0.76968
118 1.1573203 18.1134 0.74623
120 1.1006041 18.5439 0.683175
121 0.9705888 18.0061 0.753824
128 1.2093862 18.939 0.723991
129 1.1995702 19.8609 0.707949
130 1.1141944 18.2924 0.813879
131 1.1708066 18.8585 0.753753
132 1.1123879 20.9676 0.802604
133 1.1813555 19.6414 0.838802
134 1.1336823 18.8792 0.77371
135 1.1485002 18.7985 0.849646
136 1.0880176 18.3143 0.744277
139 1.0915566 14.7432 0.87979
141 1.1119825 20.0694 0.847021
143 1.1251004 19.8317 0.802059
144 1.1224922 19.968 0.746487
145 1.0101042 21.2248 0.803323
146 1.0967993 19.5298 0.756604
147 1.1717004 21.0276 0.528603
148 1.1652299 20.4419 0.809583
149 1.0449648 23.9099 0.815669
151 1.0147395 19.4078 0.778736
152 1.0104993 19.4926 0.672538
153 1.0003348 18.2352 0.816327
154 1.0672224 18.4613 0.738336
155 1.0982129 17.0701 0.748065
166 1.1188582 16.4657 0.785816
168 1.3133541 20.5047 0.675887
169 1.1057444 19.1846 0.874288
170 1.0742022 19.2469 0.757763
175 1.0326243 18.9783 0.719453
180 1.0715303 19.7174 0.70328
181 1.1266611 18.5465 0.762579
182 1.1578091 19.3254 0.79518
183 1.1267301 16.8452 0.73282
184 1.0354604 18.8739 0.783694
185 0.95112307 19.9525 0.89495
187 0.98207398 16.1215 0.850402
188 0.93314636 16.808 0.727047
190 0.95263995 16.7836 0.733552
191 1.1217214 16.1935 0.687804
193 1.3343684 13.9448 0.530087
196 1.0829779 22.1783 0.856239
199 1.0203408 18.1328 0.775084
200 1.0356429 18.0117 0.683358
201 0.99089946 18.3345 0.802412
202 1.1592785 17.1865 0.732701
203 1.1779399 17.6037 0.834641
204 1.046253 17.4912 0.776831
205 1.0668407 17.7139 0.644821
