residue_number R1 R2 NOE
2 1.0395010395010396 10.298661174047373 0.6
3 1.1820330969267139 13.175230566534916 0.645
7 1.1049723756906078 12.437810945273633 0.696
8 1.1261261261261262 12.610340479192939 0.776
10 0.9900990099009901 12.67427122940431 0.766
11 1.1376564277588168 13.071895424836601 0.741
12 1.097694840834248 12.406947890818858 0.716
13 1.1641443538998837 12.903225806451614 0.74
14 1.1389521640091116 13.020833333333334 0.764
15 1.218026796589525 12.87001287001287 0.8
16 1.183431952662722 12.468827930174564 0.752
17 1.1574074074074074 12.224938875305623 0.734
18 1.145475372279496 12.269938650306749 0.689
19 1.1198208286674132 12.484394506866415 0.787
20 1.1098779134295227 12.376237623762377 0.761
21 1.0471204188481675 11.947431302270012 0.68
22 1.183431952662722 12.755102040816327 0.773
24 1.1668611435239207 13.054830287206267 0.801
25 0.970873786407767 15.923566878980893 0.8
26 1.0834236186348862 13.315579227696405 0.813
27 1.2738853503184713 13.774104683195592 0.799
28 1.2135922330097089 13.315579227696405 0.792
29 1.0928961748633879 12.836970474967908 0.753
30 0.970873786407767 12.150668286755772 0.67
32 1.1210762331838564 12.077294685990339 0.806
33 1.1235955056179776 13.297872340425531 0.805
34 1.1904761904761905 12.970168612191959 0.783
35 0.9615384615384615 13.227513227513228 0.716
36 1.1286681715575622 12.345679012345679 0.712
37 1.0672358591248665 11.46788990825688 0.687
38 0.970873786407767 9.523809523809524 0.571
39 0.9174311926605504 8.928571428571429 0.31
40 1.017293997965412 10.493179433368311 0.569
41 1.0040160642570282 11.80637544273908 0.603
42 1.1261261261261262 13.404825737265416 0.754
43 1.1273957158962795 12.01923076923077 0.732
44 1.1173184357541899 11.668611435239207 0.682
46 1.0893246187363834 12.269938650306749 0.747
47 1.0660980810234542 12.953367875647668 0.8
48 1.0526315789473684 17.452006980802793 0.822
50 1.1135857461024499 12.468827930174564 0.747
51 1.0245901639344261 11.79245283018868 0.746
53 1.040582726326743 11.507479861910241 0.65
54 1.1574074074074074 12.755102040816327 0.725
55 1.1098779134295227 12.88659793814433 0.788
56 1.148105625717566 13.003901170351106 0.95
57 1.040582726326743 14.749262536873157 0.78
58 0.970873786407767 12.970168612191959 0.714
59 1.0090817356205852 13.333333333333334 0.731
61 1.0384215991692627 13.966480446927374 0.778
62 1.218026796589525 12.903225806451614 0.759
63 1.1547344110854503 12.562814070351758 0.765
64 1.0683760683760684 12.437810945273633 0.762
65 1.187648456057007 12.453300124533001 0.715
66 1.1013215859030836 12.239902080783354 0.733
68 1.0416666666666667 11.60092807424594 0.675
69 1.1148272017837235 11.534025374855824 0.673
72 1.0729613733905579 13.054830287206267 0.743
73 1.0351966873706004 15.174506828528072 0.798
74 1.0460251046025104 14.513788098693759 0.813
75 1.0548523206751055 12.836970474967908 0.79
76 1.1806375442739079 13.531799729364007 0.804
80 1.1976047904191618 13.020833333333334 0.755
81 1.1534025374855825 12.195121951219512 0.769
82 1.1286681715575622 13.386880856760374 0.783
83 1.1049723756906078 13.550135501355014 0.785
84 0.9900990099009901 14.880952380952381 0.789
85 1.1135857461024499 14.749262536873157 0.825
86 1.1560693641618498 13.966480446927374 0.802
87 1.0526315789473684 14.245014245014245 0.747
88 1.1261261261261262 14.025245441795231 0.86
89 1.25 13.458950201884251 0.869
90 1.1764705882352942 12.919896640826874 0.757
91 1.1074197120708749 13.037809647979138 0.738
92 1.145475372279496 12.970168612191959 0.809
93 1.0905125408942202 14.326647564469914 0.788
97 1.1235955056179776 12.804097311139564 0.765
