residue_number R1 R2 NOE
3 1.2019230769230769 2.6666666666666665 -0.295
5 1.4265335235378032 3.623188405797101 0.14
6 1.3986013986013988 4.3478260869565215 0.201
7 1.4792899408284024 4.273504273504273 0.31
8 1.4858841010401187 4.424778761061947 0.311
9 1.4388489208633095 4.273504273504273 0.372
10 1.1890606420927468 6.369426751592357 0.518
11 1.1890606420927468 9.900990099009901 0.686
12 1.1778563015312131 10.869565217391305 0.841
13 1.145475372279496 21.73913043478261 0.788
14 1.2135922330097089 11.235955056179776 0.828
15 1.1976047904191618 11.11111111111111 0.825
16 1.1723329425556859 20.408163265306122 0.822
17 1.1723329425556859 13.88888888888889 0.798
18 1.243781094527363 11.627906976744187 0.795
19 1.1862396204033214 10.75268817204301 0.807
20 1.17096018735363 17.543859649122805 0.835
21 1.2004801920768309 15.873015873015873 0.848
22 1.203369434416366 11.11111111111111 0.816
23 1.203369434416366 11.235955056179776 0.764
24 1.17096018735363 12.820512820512821 0.84
25 1.160092807424594 16.39344262295082 0.807
26 1.1494252873563218 27.027027027027028 0.764
27 1.0834236186348862 12.048192771084336 0.789
28 1.25 14.285714285714285 0.778
29 1.1074197120708749 13.698630136986303 0.785
30 1.1273957158962795 15.384615384615383 0.79
32 1.1933174224343677 13.157894736842106 0.778
33 1.1135857461024499 12.820512820512821 0.775
34 1.0764262648008611 13.333333333333334 0.774
35 1.1235955056179776 21.27659574468085 0.848
36 1.1389521640091116 12.5 0.797
37 1.1135857461024499 15.873015873015873 0.76
38 1.0351966873706004 22.22222222222222 0.73
39 1.2062726176115803 10.869565217391305 0.819
40 1.3531799729364005 11.235955056179776 0.743
41 1.1534025374855825 13.157894736842106 0.78
42 1.1025358324145533 11.235955056179776 0.734
43 1.0384215991692627 9.523809523809524 0.613
44 1.1494252873563218 10.75268817204301 0.621
45 1.3477088948787062 10.989010989010989 0.701
46 1.4124293785310735 12.820512820512821 0.722
47 1.2300123001230012 9.900990099009901 0.72
48 1.3003901170351104 10.1010101010101 0.745
49 1.2285012285012287 12.195121951219512 0.789
50 1.2453300124533 12.048192771084336 0.779
51 1.2953367875647668 11.627906976744187 0.822
52 1.2919896640826873 13.333333333333334 0.799
53 1.2547051442910915 12.048192771084336 0.801
55 1.3175230566534915 13.88888888888889 0.846
56 1.2300123001230012 14.705882352941176 0.803
57 1.2345679012345678 13.333333333333334 0.824
58 1.1312217194570136 20.833333333333332 0.818
59 1.2165450121654502 15.625 0.825
60 1.1862396204033214 15.384615384615383 0.805
61 1.2019230769230769 16.39344262295082 0.813
62 1.1415525114155252 8.928571428571429 0.805
63 1.0764262648008611 23.809523809523807 0.789
64 1.0515247108307046 19.607843137254903 0.747
65 1.2048192771084338 15.625 0.803
66 1.3717421124828533 8.474576271186441 0.603
67 1.3831258644536653 6.666666666666667 0.525
68 1.4662756598240467 5.714285714285714 0.428
69 1.4641288433382136 5.128205128205128 0.418
70 1.5698587127158556 4.385964912280701 0.465
71 1.6025641025641026 5.58659217877095 0.462
72 1.5527950310559007 4.784688995215311 0.441
73 1.6528925619834711 5.46448087431694 0.48
74 1.718213058419244 7.352941176470588 0.509
