residue_number R1 R2 NOE
3 1.2048192771084338 1.6722408026755853 -0.972
4 1.41643059490085 2.0 -0.656
5 1.5037593984962405 2.5 -0.334
6 1.3245033112582782 3.0769230769230766 -0.236
9 1.607717041800643 3.8022813688212924 0.103
11 1.594896331738437 7.518796992481203 0.689
12 1.6286644951140066 8.695652173913043 0.72
13 1.5698587127158556 13.333333333333334 0.719
14 1.6260162601626016 8.474576271186441 0.784
15 1.6207455429497568 8.403361344537815 0.702
16 1.6051364365971108 12.987012987012987 0.739
17 1.567398119122257 9.900990099009901 0.731
18 1.6286644951140066 8.771929824561402 0.717
19 1.6181229773462784 8.928571428571429 0.696
20 1.5408320493066254 11.49425287356322 0.702
21 1.5649452269170578 11.235955056179776 0.706
23 1.6313213703099512 9.25925925925926 0.844
24 1.589825119236884 9.708737864077671 0.84
25 1.589825119236884 11.11111111111111 0.681
26 1.5822784810126582 15.625 0.668
27 1.4925373134328357 9.523809523809524 0.694
28 1.6207455429497568 9.615384615384615 0.736
29 1.5360983102918586 10.1010101010101 0.721
30 1.4814814814814814 10.869565217391305 0.778
32 1.5923566878980893 10.204081632653061 0.778
33 1.6155088852988693 10.75268817204301 0.754
34 1.5220700152207 10.204081632653061 0.738
35 1.547987616099071 14.285714285714285 0.775
36 1.5151515151515151 9.433962264150944 0.732
37 1.4858841010401187 10.638297872340425 0.714
38 1.3908205841446455 14.084507042253522 0.633
39 1.6528925619834711 8.19672131147541 0.691
41 1.5220700152207 9.345794392523365 0.709
42 1.488095238095238 8.19672131147541 0.655
43 1.358695652173913 7.142857142857142 0.515
44 1.4492753623188408 7.518796992481203 0.493
45 1.7825311942959 8.130081300813009 0.64
46 1.733102253032929 8.695652173913043 0.648
47 1.6447368421052633 7.462686567164178 0.697
48 1.733102253032929 7.575757575757575 0.738
49 1.6501650165016502 8.547008547008547 0.665
50 1.6339869281045751 8.928571428571429 0.718
51 1.7513134851138354 9.090909090909092 0.732
52 1.7094017094017095 9.615384615384615 0.699
53 1.669449081803005 9.00900900900901 0.809
55 1.7152658662092626 9.803921568627452 0.814
56 1.7391304347826089 9.25925925925926 0.861
57 1.6366612111292962 10.309278350515463 0.756
58 1.639344262295082 12.345679012345679 0.746
59 1.669449081803005 9.433962264150944 0.745
60 1.6233766233766234 10.204081632653061 0.736
61 1.6556291390728477 10.638297872340425 0.736
62 1.5174506828528072 7.575757575757575 0.7
63 1.4492753623188408 14.925373134328357 0.729
64 1.4409221902017293 12.5 0.684
65 1.639344262295082 10.869565217391305 0.678
66 1.639344262295082 6.25 0.51
67 1.594896331738437 4.830917874396135 0.319
68 1.6313213703099512 4.25531914893617 0.257
69 1.6286644951140066 3.8910505836575875 0.183
70 1.7271157167530227 3.7593984962406015 0.209
71 1.7271157167530227 3.745318352059925 0.203
72 1.6920473773265652 3.731343283582089 0.191
73 1.7825311942959 3.745318352059925 0.251
74 1.8975332068311195 4.926108374384236 0.312
