residue_number R1 R2 NOE
3 0.6292254490628026 22.661874677294904 0.823461718
5 0.6142312063554946 21.109064774917314 0.819553064
6 0.6230070161305736 19.82277959297173 0.87533257
7 0.6174174088202972 21.08364273227649 0.826618118
8 0.6139798740172486 21.210658126633525 0.893392696
9 0.6069229519851861 21.517358967967215 0.880587857
10 0.618610823100518 22.088859017879408 0.836175304
11 0.5987361187064862 21.556055325512926 0.93211069
12 0.5820566325143444 24.102555796452567 0.936349155
13 0.6326549429210486 20.513806017101377 0.9164642
14 0.5836018347255805 20.9304063778632 0.856378965
15 0.5490211777853428 23.57986935620543 0.896543688
17 0.533099390271464 21.318731991667363 0.846920034
18 0.548841213872464 23.047894608246985 0.894476254
19 0.5663598292789623 20.475492534901605 0.911933671
20 0.5588550703536529 21.51182526546668 0.910288007
21 0.5772838813472093 23.620157073572134 0.888080184
22 0.5388889295720093 23.066925339167422 0.899467091
24 0.5236764011537502 23.341023344687883 0.839626656
26 0.6090644079953247 20.119481148358016 0.76722547
27 0.6358587769229084 20.74101851675169 0.712692761
28 0.5795152880351855 21.433283995342464 0.754881805
29 0.5724059575448813 19.63913212554111 0.778587363
30 0.5988137787670865 19.066751534048862 0.832505884
32 0.5241921428123668 20.59887224882235 0.859578765
33 0.5146053422801589 22.877091681088768 0.934512088
34 0.544775343130645 24.843323098546705 0.873247409
35 0.5499626235776671 24.840600351603793 0.900701143
36 0.5262402175008916 22.72529459367514 0.854146765
37 0.6114913395854372 21.43754610412259 0.890785805
38 0.5469394677123296 20.852316761204815 0.867992444
39 0.5539726089861087 19.682235426421634 0.896926765
40 0.5614080611806517 22.102219938129696 0.900113381
41 0.6688161060848926 19.511534965821838 0.869795151
42 0.6303223278846878 23.49797368748602 0.936066535
44 0.6364164487462192 29.55263865758203 0.913449489
45 0.6659706230302025 24.676192219739715 0.907732848
46 0.6152899258621047 22.65212687048522 0.839072722
47 0.5796256724661278 24.017589906425307 0.927936507
49 0.6115281925336096 22.207667317062622 0.875587236
50 0.566711489087323 24.45054311624666 0.923461733
51 0.5824046974880567 23.680706404944345 0.851883614
52 0.59942403095184 21.702069433383926 0.957978396
53 0.615302773300105 13.357793947506087 0.589177711
54 0.5751507905755034 23.424687427998368 0.858342561
55 0.5915789900903875 25.147380624944095 0.905491122
57 0.576407521630286 22.741255498323902 0.828073638
60 0.6322463416818341 22.378865828785518 0.827632886
61 0.6033175700750899 21.526842541113737 0.940546319
63 0.604444258372324 21.099259164922127 0.885908416
64 0.5696144357067457 24.33110981053219 0.895755678
65 0.5582072633393227 24.405455644365652 0.907212002
66 0.5817507911295909 21.545753549587488 0.845539233
67 0.5892509273626675 20.463510797673788 0.851551929
68 0.6011382911821956 19.627495648338872 0.830214041
69 0.5948099800468495 22.51227994218216 0.922383843
70 0.5534192358603578 23.5393703030129 0.819756079
71 0.6104905333070577 23.633165252686513 0.827196979
73 0.5530521686013958 22.17342541129099 0.830816375
74 0.5885073524121474 21.00939910093218 0.834150302
75 0.6649465629492327 20.754351782859008 0.815583871
76 0.6213462560579714 21.195371922715488 0.821339254
77 0.5852651324412943 22.10758163815898 0.757498975
79 0.6177447454891402 23.87596607530833 0.854462659
80 0.5351142134131697 24.519713972632566 0.950548211
81 0.5725047295059396 26.121345613953103 0.847343902
83 0.5495833541542987 21.583112681978015 0.917014537
84 0.6334020669375137 21.267019703447147 0.836061684
85 0.6365363707502883 25.9196747723624 0.795768375
86 0.5865385288945159 25.266253888508057 0.775701908
87 0.6013319448458461 20.27247914864021 0.847584918
88 0.5938292188034048 22.798473915753025 0.885858351
89 0.6100542206430439 20.649360011287765 0.882930644
90 0.578982982913716 23.179716023908206 0.853461468
91 0.5789254626432903 24.73736341264792 0.882438049
92 0.5903675663299657 22.06834699474354 0.888847962
93 0.5876947874189269 24.3683747719577 0.881680678
94 0.5640983031932629 23.98982217400375 0.894254825
95 0.5438078160903569 24.421421718952075 0.91622352
96 0.5694096296957672 24.485434312962095 0.907755317
97 0.6066038219890293 24.282730631911928 0.883618741
99 0.5468795012455449 26.280078995815057 0.86410952
102 0.6852869858613658 33.284284502214724 0.865864797
103 0.6587125358225085 25.147240867364548 0.876667096
105 0.6287369202844635 22.83851967567018 0.892461551
106 0.6065151204049692 24.59026350483747 0.88445904
107 0.6150044438591351 20.972261897663792 0.940724867
108 0.6341645231768381 25.448883309362607 0.916971321
111 0.6162630393756129 21.51136020310166 0.896389783
112 0.6407708495875672 23.685564841981282 0.867256235
114 0.6239640761219001 20.084995281331633 0.848070102
115 0.7145052383647886 20.89594323859412 0.787012231
117 0.666466193635621 16.710475964486896 0.782787152
118 0.7134342636158225 20.545823215970728 0.827089403
119 0.6586326272398146 24.01752241579385 0.787971513
121 0.6161124295663813 24.348833070000705 0.933393852
122 0.5933817273475475 25.60952198905265 0.891632113
123 0.5948369046551938 21.892801721229585 0.882351526
124 0.5762720457697388 25.128082232553716 0.889396931
125 0.5863599360299839 24.674459370874814 0.920826799
126 0.6236540419300037 23.229150670008845 0.932713931
127 0.6015079328685748 23.22168833238577 0.891213526
128 0.5756132309370505 23.688898808746867 0.92835413
129 0.5909875191703866 22.882042180161623 0.868294437
130 0.6035922849160082 20.459271778818085 0.877545947
131 0.556109766516169 24.649179930410927 0.875444396
132 0.5675610824305658 24.11142119202478 0.833029379
133 0.5403169664337902 21.659166674824952 0.835104654
134 0.6287378065709904 23.16573372851604 0.873502466
135 0.6022145645688796 21.686208542908854 0.882920385
136 0.6034412664755925 29.584569043801583 0.926626048
137 0.5727253381027333 21.79770085698533 0.901486046
138 0.578354265269707 22.030736931675282 0.937929901
139 0.48329992417087014 20.5524473176035 0.900286158
141 0.5795721217586465 23.809154200749074 0.897691249
143 0.5954198815353438 25.894763113023885 0.869569923
144 0.6094398974739748 26.85970630146706 0.900640506
145 0.5836203164651985 24.925217493085935 0.877126688
147 0.630247975231794 21.571937136009964 0.89338431
150 0.5820001281797083 20.181919825305304 0.813050908
151 0.6104976586437995 21.290099556550643 0.832687839
152 0.6221644106498811 20.48067572466877 0.857371504
153 0.6179354388060924 21.12359931261273 0.855665796
154 0.5593334158782673 29.279813503984673 0.885619776
155 0.6236121814911851 23.343025668831373 0.890578427
156 0.5733692181809978 21.674487688804295 0.869589973
157 0.5608623711235441 21.243860311931247 0.929830864
159 0.5934598295966982 20.941133489527665 0.897877016
160 0.6377060730993429 19.94096676199778 0.782312381
161 0.601229670635426 23.878097726511395 0.92767679
162 0.6595881152017843 24.875277844415884 0.840203462
163 0.6108789254323023 22.464863212908114 0.859752826
164 0.5713875415584944 21.327102861939384 0.895139967
165 0.6012089908794143 21.661702562598908 0.89887483
166 0.6041869169729928 23.000302522979084 0.899746937
167 0.5895391004123707 22.352385627648506 0.907796259
168 0.583738833205273 21.767601511141727 0.915104472
169 0.5794388523286891 21.606209036788286 0.87459547
171 0.529915404410823 18.544695730222895 0.868853096
172 0.5082355528322646 21.150786814557197 0.796946528
173 0.5832822404338415 21.709498385323492 0.843949201
174 0.5385259855646591 23.312145312994108 0.880902102
177 0.6525623949279515 21.460261797167306 0.838787382
178 0.566523327899047 17.407400895750037 0.803871945
179 0.6116132915284314 21.445833946237396 0.850843636
180 0.6225196579646667 21.02472137198249 0.788358415
181 0.5899128459339923 21.46306088102388 0.861624179
182 0.5906156597068039 21.305915404181096 0.940425063
183 0.5768400500051333 20.781623458762066 0.91914699
184 0.6165393803647288 21.129056488321233 0.906420288
185 0.6047401069249086 21.64638227476463 0.855023495
186 0.5960257244297367 21.530746972448632 0.918966659
187 0.6065107002243182 24.650815042223147 0.890230353
188 0.5807633628210936 21.596923146830658 0.865561801
189 0.6224671016099517 21.618630070649683 0.856201974
191 0.6855661438808909 21.458457542038406 0.843802316
192 0.6444984469549926 23.130116829988808 0.9131323
194 0.5284404627860051 20.49307569711808 0.886630325
195 0.5193731468392822 22.14530861270249 0.838191031
197 0.5740554738794211 23.9470230545654 0.860344781
198 0.6066730693648171 22.237432626138503 0.883119228
199 0.5470861689782829 23.683542027179517 0.837133371
200 0.5131819310643482 23.85100695731488 0.88459947
203 0.5668212202027859 21.956604396199637 0.833438082
204 0.5161649826495915 20.6817712812014 0.913617421
205 0.5381121471701766 20.47217055103242 0.860119469
207 0.5791239197734723 22.549919150647373 0.951822675
208 0.5807138005001141 21.216838744069232 0.916794947
211 0.5601780119345768 25.02468309617191 0.86912408
213 0.5358287308851392 25.585745342057493 0.877246132
214 0.5591036506183652 21.243395481453305 0.847375742
215 0.5824495306768168 23.440252215238615 0.872202987
216 0.5873325070485114 26.02244800454664 0.902431588
217 0.5880735666223877 22.72805116302506 0.927753835
218 0.5531074717718643 20.906833921338038 0.916826481
220 0.5627318396092347 23.379404007557156 0.914633896
221 0.5597640601651384 23.23246964381627 0.874846723
222 0.5670247182240549 22.374728370797577 0.928362853
223 0.5547138786340984 20.66821325528575 0.838806852
224 0.6292739840639913 20.712497915028177 0.928998003
225 0.5791191949149814 18.411268108494802 0.898042732
226 0.5796818312506133 19.796542225074333 0.905702372
228 0.573386786253805 21.18220019894746 0.741888601
229 0.5891507210132276 21.059559065482066 0.870598307
230 0.5969633121033678 22.458542485060637 0.833925374
232 0.5617818919387757 20.04046731483951 0.878362127
233 0.6044727397005549 20.357773620946602 0.949006332
234 0.5395153738412626 20.512007606180614 0.825283681
235 0.5654061142779727 25.77223805238991 0.91889902
236 0.5137512026318418 21.96980623619541 0.924491519
237 0.5290156671502491 22.734990223044807 0.885384849
238 0.530953721087158 23.234490094950996 0.937672466
240 0.4971914725165166 23.430574434740905 0.883893097
241 0.6304928072318171 18.7643428773097 0.789207653
242 0.6712815609201657 19.80080391263885 0.823411478
243 0.6689213879484395 19.905318362676095 0.817764644
244 0.7493625509991798 19.094192510894906 0.851515358
245 0.6315594522582889 21.24545533153639 0.898949638
247 0.6361366660975173 22.714917876940206 0.868392047
248 0.5733736409192713 22.03834990235248 0.874770185
250 0.5816206808624316 17.808415851299443 0.801000582
251 0.6295488924790481 20.62801539039726 0.820642402
252 0.6549514904120325 22.985410378528794 0.870820842
253 0.5897374591505153 23.23914878158537 0.917069156
254 0.5995054747682261 23.47627032681128 0.883186964
255 0.6214381858674211 20.547171168209417 0.930250052
256 0.576718104986847 23.04326077256311 0.889631243
257 0.6019823243024304 24.954481777513728 0.906225117
258 0.5849031124400775 21.752495924887413 0.900261983
259 0.5884365193311889 22.021296002597456 0.855377132
260 0.5977699684418344 22.871842524985546 0.830360207
261 0.561943472012349 22.148935823369854 0.89318113
263 0.5784944326731305 19.228482890197885 0.897152945
264 0.6872435027275928 18.590376520562668 0.857983086
