residue_number R1 R2 NOE
3 0.9897915541844862 15.741088312715735 0.820993299
5 0.9348367771014124 17.17732004914981 0.737792123
6 0.9959821740465025 16.410717189532082 0.770608449
7 0.9551255812390459 17.50018747075828 0.809453186
8 0.9941240389957003 17.6074103533228 0.848985747
9 0.9425986723365737 18.626817595547564 0.751742005
10 0.9874901713498574 18.36722226656886 0.858195531
11 0.9216323735094358 17.643435484590366 0.846157979
12 0.887408385644342 20.151343034619764 0.777386641
13 0.9792024891985299 17.203622401614332 0.854371272
14 0.9386406319894407 17.233759314523777 0.888684546
15 0.8819417272861009 18.368581569865313 0.853976467
17 0.8547492883021935 18.192320773985738 0.875981562
18 0.7943317231728876 20.628930288263927 0.851457781
19 0.9049541325762566 17.902949471538946 0.858162826
20 0.9208084790895577 16.755454377930466 0.837931148
21 0.9443220985979734 17.36431386233461 0.888656628
22 0.8437137047547241 18.93104635187189 0.865012848
24 0.8099995933721041 16.488412092377185 0.828106279
26 0.7461565934622456 17.1669599470104 0.686354853
27 0.938315880612602 16.12164958266208 0.696960954
28 0.8769780320633658 17.065945509869525 0.657653573
29 0.8892497219222748 17.72248362885575 0.716647864
30 0.9111743722469174 15.217294211394544 0.786059237
32 0.8477916635002707 17.460409917345213 0.836564909
33 0.7943116174184687 17.717937138141032 0.816525227
34 0.8693843778808409 18.761255463441753 0.880837847
35 0.8513775337876581 19.89028558253246 0.828830733
36 0.831528537368818 18.388622312096 0.925514283
37 0.960559926211016 17.78616873884129 0.889008541
38 0.8467710852156244 17.17969561324547 0.885121703
39 0.9069784416911165 17.849216530059472 0.872217812
40 0.9164015323062047 17.64797433815111 0.874409478
41 1.0366319708675815 15.175971229150928 0.753030193
42 0.9806144804318071 18.864981947061203 0.874828348
44 1.0041120174433698 23.77842106861318 0.857624114
45 1.076781707081048 19.82753337335719 0.883433909
46 0.9769779971023907 19.289976474909192 0.835715773
47 0.9127447183025139 19.52590859617582 0.836521162
49 0.9292758086158033 17.08941872580918 0.725173944
50 0.926103381053786 20.585032807910665 0.928934758
51 0.9285801338112016 19.47121097730798 0.826563989
52 0.9496800072683949 17.897215041213258 0.834208095
53 0.9182192421102485 11.598278499997425 0.364503488
54 0.9263693592099433 20.150762361777357 0.905083183
55 0.9156142712211058 19.33719819467918 0.871764275
57 0.8803042208144544 18.27352169082557 0.817129772
60 1.0327444591723558 17.938684428547422 0.783663489
61 0.9950958343711146 17.665010006698218 0.806125743
63 0.9536946549605124 17.49334194658842 0.848795617
64 0.8924467806876605 18.019128385929367 0.900539197
65 0.858668425366148 19.133685645713864 0.837684303
66 0.9634074182012813 17.60456854045645 0.863258664
67 0.9030638421263141 16.324301978560904 0.827149287
68 0.9175225686489857 15.767014236305194 0.850607487
69 0.8972219345055784 16.931062419595442 0.856244565
70 0.8868335508387213 18.65797339443894 0.813418395
71 0.899796208126149 19.05526365644061 0.846161362
73 0.8698940744164856 18.23311622554073 0.833997889
74 0.9329014381542335 17.390266980595765 0.760190916
75 0.9846412390523698 16.636321738543533 0.752387816
76 0.9344692138052217 17.877061415124942 0.692921854
77 0.9089168647319219 18.378876495604047 0.698115743
79 1.0038578860877083 18.309260287392036 0.829587144
80 0.8607913574647083 17.84279183594495 0.835595936
81 0.8596009060729941 20.283682718415914 0.82497513
83 0.8746342522268192 17.971919235632708 0.817897978
84 0.9646000045654518 16.768893474547763 0.822271024
85 0.9549859238751518 18.918301824365628 0.770285487
86 0.8712944474482031 19.30483110155007 0.764540338
87 0.9165316345192188 16.934734194867612 0.786446993
88 0.936728011416676 17.7029291638356 0.900486714
89 1.0091271646722477 16.399711345400668 0.844350458
90 0.9189755766443316 18.634881968427926 0.818643904
91 0.8947895391339681 18.488533882743535 0.893451418
92 0.9255428617321216 18.180841705338228 0.860295173
93 0.9179374385264755 18.36071396223785 0.824709564
94 0.9093635271827233 19.36499921242548 0.900766848
95 0.8664624500162941 20.349701065943798 0.900091086
96 0.8920111475382397 20.328607467417154 0.961924096
97 0.9331877188461095 19.446357533884502 0.862897481
99 0.8763178645321228 21.67829501250285 0.838714256
102 1.1461297165085969 25.211126164114297 0.918888022
103 1.0600242202178014 18.878800498407884 0.834732886
105 0.9884874367487401 17.155584527906708 0.92545588
106 0.9553896363069737 18.638171437330303 0.848638569
107 0.9628962711980555 16.75380431985452 0.920846784
108 1.0473082423406885 18.76814739091596 0.865081868
111 0.9799759303407864 18.36298505526625 0.783908792
112 1.0110201080565957 18.087447745363463 0.87878326
114 0.9390628694214638 15.351840150622431 0.801319263
115 1.0342320860838774 15.495660386074068 0.786711665
117 0.9606283317754616 13.442335439097583 0.837987197
118 0.9969869051781836 16.271708635661003 0.732301561
119 0.9875692827378614 19.365678742058183 0.81084873
121 0.9034731728598316 20.313357509343486 0.844311276
122 0.9080233443939536 17.10483699988343 0.880045689
123 0.9555469433171274 17.91094317253563 0.835433276
124 0.9474975491104586 20.251404171611046 0.946869715
125 0.8915444646282978 18.56739133090727 0.872398784
126 0.9718982804262037 18.270356662392437 0.826674819
127 0.972973838972283 18.79112449339833 0.790182652
128 0.9380674871509589 20.09565289630808 0.994439506
129 0.9583680087650345 19.515074595006585 0.827567027
130 0.9678193438603914 17.109809887256105 0.835477517
131 0.902836430107581 19.1683746966413 0.858522815
132 0.8991688424904178 18.40161205482245 0.816722097
133 0.8419227357267643 17.987291510877984 0.778098183
134 0.9745761159149918 16.733965096295602 0.822734651
135 0.9203842675370634 16.52524499708536 0.9164101
136 0.9402962294196423 22.380792123823255 0.919039599
137 0.9269459767597846 17.77700285847095 0.775746283
138 0.8885468544271138 17.827745541450202 0.88095543
139 0.7619053731705585 17.714646242766047 0.808311292
141 0.9592901943250935 19.162061815623368 0.869821908
143 0.8790176426523495 20.863538521227444 0.875121533
144 0.9605862951516432 22.090990936022237 0.871816727
145 0.9651940924002214 20.57990763449335 0.785934136
147 1.0071118543050517 16.533032643762034 0.828704664
150 0.9146973192983042 16.46462649089251 0.790645263
151 0.955035974218674 16.886725751856556 0.82537217
152 0.9576943794357244 15.907780433369618 0.825911347
153 1.0341008958263014 16.955396151470964 0.795839024
154 0.9480335980490576 22.12502012547143 0.836963529
155 0.9547495386822084 18.344879141643105 0.854838131
156 0.9447140472541545 18.500427498628422 0.874743829
157 0.9108607263872733 17.009910211828156 0.842842843
159 0.9581617218180705 17.946040491507592 0.816876162
160 0.9628671422764322 16.323989133708096 0.834949858
161 0.9649193785302039 19.188242918396664 0.911574465
162 1.0095467047162396 17.56090605143554 0.88944514
163 1.0065771390989462 18.464179123217377 0.850682842
164 0.9660506136464111 17.228804659330365 0.876752843
165 0.9439223749803581 17.986297966264107 0.890450731
166 0.9236487639736859 18.306375761025787 0.894234477
167 0.95375819374618 18.26288213482865 0.796518592
168 0.9353988460188353 16.41071907471377 0.79886185
169 0.9227902010879625 18.640747626701952 0.825653693
171 0.8256987608907963 14.111903215374568 0.817128823
172 0.9185001372216243 18.06311755428134 0.786497519
173 0.8834193780273855 18.181542814087926 0.802331909
174 0.8578061739033013 19.10080077051102 0.808986435
177 0.9831118703111695 17.445121485732614 0.849645947
178 0.9050222925181595 13.85197395546316 0.711915073
179 0.9947752820494066 18.335967661807302 0.879956406
180 0.987638436835254 17.748445040981515 0.845305635
181 0.943959784654983 16.981732427774528 0.855929424
182 0.9584942313269105 17.7185420928419 0.90537562
183 0.9835310760427664 17.93087782871701 0.849351193
184 0.9436244758226192 17.985775841261283 0.88697627
185 0.9372751599908546 17.35677734076884 0.792183565
186 0.9893233637318468 17.899418727116487 0.813763959
187 0.9702496991934858 18.382018077575093 0.838616922
188 0.9247985656477824 18.343524016955875 0.782159021
189 0.975407016083939 17.49953547483082 0.82065762
191 1.0602535699893378 18.195016184921773 0.802430399
192 0.9564371650513411 18.186765312651684 0.853542755
194 0.8748369475616496 17.873312779381102 0.834702561
195 0.8279780026612952 19.06595504896042 0.845334437
197 0.9375943958317794 19.209588443019825 0.850403727
198 0.9228045668210113 17.665127963360547 0.844846627
199 0.8625023268372147 18.361585110840352 0.832472913
200 0.840788783340198 19.64761105777767 0.834736897
203 0.8545979508816101 17.873664826066452 0.806418175
204 0.8576457889649224 16.91874210708958 0.836253142
205 0.8926191952861037 17.17662757048661 0.89282561
207 0.9389416930344419 17.95059880325512 0.72672675
208 0.9227071193819777 16.540233945399727 0.854644334
211 0.7999487962374914 20.346194983812467 0.769750638
213 0.8608722751310258 21.458625613225827 0.893193339
214 0.9337002383115797 17.444203363615713 0.805325527
215 0.9625492715496416 16.552127598895073 0.878007846
216 0.9357706201550189 18.813059966026625 0.882000161
217 0.916308255212488 18.382520884427933 0.865403827
218 0.8747292813468099 18.559884720844025 0.87724569
220 0.9252664979168712 16.446133608553897 0.886505527
221 0.9163506387128896 20.460604211463455 0.786567902
222 0.9068488144332881 18.86210930441445 0.848188421
223 0.9319545274856997 17.237650628193425 0.883554709
224 1.0250698997983614 17.888219485877187 0.82626644
225 0.9903870448516511 16.482080821828195 0.865873969
226 0.9083932424354177 17.57203625511722 0.888571593
228 0.891490302761188 17.07362243312813 0.724188534
229 0.9936045441255859 16.74772425642407 0.817033854
230 0.8931605582709 17.066844343894182 0.80448893
232 0.8966141731914229 17.193682257106826 0.850777028
233 0.9649418075824904 15.643315633912437 0.832888774
234 0.848579487315038 17.782931508434675 0.879764036
235 0.8668830976709608 18.622652251541975 0.865320506
236 0.8403801301190976 18.54486458947864 0.844815412
237 0.8347922406011149 18.345151738712207 0.828290924
238 0.836756716340955 19.61078860079769 0.903782028
240 0.8307438714562493 19.371901355411257 0.810886509
241 0.960996587903774 14.685835323851453 0.791024179
242 0.9831528664977518 15.856942470695577 0.82500581
243 0.959433790378872 15.15810571214418 0.74251872
244 1.0832997844417591 15.414379603051673 0.80648837
245 1.0083795696878133 17.12492861473507 0.837525951
247 0.9799777982305895 16.589526749740934 0.842575676
248 0.8860012470130871 16.415747048309147 0.791099675
250 0.9413745366767516 15.451549118234174 0.81683182
251 0.9752311361670356 16.39192919106223 0.800632548
252 1.0049677010666893 18.06100255324781 0.825061403
253 0.9354501090041659 18.728883768828265 0.906973541
254 0.9662260776240215 20.38258229258679 0.866672443
255 0.9495761585333121 18.075775494602475 0.80635819
256 0.9271007136131529 18.61009292707972 0.849198984
257 0.9072434513117315 17.895309077578062 0.857105215
258 0.9372559048797353 17.82461611569887 0.822752335
259 0.9288124514219478 18.305971276027247 0.799810185
260 0.9461259425708742 18.41121827933504 0.818428166
261 0.9061231161746854 18.582451442707153 0.834435992
263 0.9011366179442853 17.745493913348824 0.826453682
264 1.0580712602888978 15.674916035352892 0.763373903
