residue_number R1 R2 NOE
2 2.3218017181332713 6.211180124223603 0.709
3 2.369106846718787 5.871990604815032 0.694
4 2.508151492350138 6.086427267194157 0.712
5 2.370229912301493 6.067961165048543 0.724
6 2.472799208704253 6.082725060827251 0.755
7 2.413127413127413 6.006006006006006 0.683
8 2.3158869847151458 5.5035773252614195 0.6
9 2.2070183182520413 5.241090146750524 0.633
10 2.22667557336896 4.985044865403789 0.542
11 2.085070892410342 4.9431537320810675 0.599
12 2.254283137962128 5.577244841048523 0.615
13 2.3837902264600714 6.119951040391677 0.684
14 2.314814814814815 6.0606060606060606 0.715
15 2.487562189054726 5.9066745422327225 0.703
16 2.239140170174653 5.411255411255412 0.679
17 2.449779519843214 6.540222367560497 0.725
18 2.3261223540358222 6.5487884741322855 0.687
20 2.35626767200754 6.464124111182935 0.679
22 2.444987775061125 6.108735491753206 0.684
23 2.5673940949935816 6.802721088435375 0.722
25 2.4975024975024978 8.305647840531561 0.73
26 2.478929102627665 6.439150032195751 0.744
27 2.546473134708429 6.958942240779402 0.723
29 2.4691358024691357 6.337135614702155 0.696
30 2.538715410002539 5.9844404548174746 0.704
32 2.4224806201550386 6.234413965087282 0.753
33 2.3741690408357075 5.847953216374268 0.671
34 2.3781212841854935 6.053268765133171 0.717
35 2.397506593143131 6.138735420503377 0.736
36 2.0807324178110695 5.461496450027307 0.724
39 2.420721374969741 6.161429451632779 0.699
40 2.4408103490358797 6.273525721455458 0.683
41 2.4539877300613497 6.165228113440197 0.682
42 2.405580947798893 6.184291898577612 0.711
43 2.3803856224708406 6.207324643078834 0.744
44 2.4461839530332683 6.082725060827251 0.701
45 2.482621648460775 6.0790273556231 0.743
46 2.463661000246366 6.108735491753206 0.755
47 2.3940627244433803 5.854800936768149 0.69
48 2.288329519450801 6.261740763932373 0.702
49 2.2148394241417497 5.691519635742743 0.561
50 2.42306760358614 5.595970900951315 0.698
51 2.2956841138659323 5.959475566150179 0.748
52 2.170138888888889 6.418485237483954 0.692
54 2.293052052281587 6.410256410256411 0.684
55 2.3923444976076556 6.180469715698393 0.749
56 2.529724260055654 6.261740763932373 0.727
57 2.4937655860349124 5.854800936768149 0.761
58 2.5031289111389237 6.5359477124183005 0.743
59 2.413127413127413 6.024096385542168 0.726
60 2.409058058299205 6.402048655569782 0.728
62 2.1253985122210417 4.9800796812749 0.629
63 2.2578460149017836 6.349206349206349 0.736
64 2.5201612903225805 5.9171597633136095 0.715
65 2.416626389560174 6.369426751592357 0.759
66 2.390057361376673 6.2460961898813245 0.742
67 2.486325211337643 6.234413965087282 0.695
68 2.4473813020068524 5.885815185403178 0.739
70 2.5176233635448138 6.46830530401035 0.732
74 1.6874789065136686 3.2226877215597804 0.083
75 1.3180440226703571 1.7587055926837847 -0.472
76 0.8285690612312535 1.3289036544850499 -1.239
