residue_number R1 R2 NOE
2 1.976284584980237 6.430868167202572 0.727
3 2.027986209693774 5.991611743559018 0.733
4 2.1510002151000216 6.5359477124183005 0.773
5 2.0222446916076846 6.238303181534623 0.725
6 2.1128248468201987 6.119951040391677 0.783
7 2.0729684908789388 6.55307994757536 0.726
8 2.048760499897562 5.701254275940707 0.7
9 1.9004180919802356 5.527915975677169 0.607
10 1.934610176049526 5.09683995922528 0.667
11 1.8109380659181455 5.595970900951315 0.596
12 1.9135093761959436 5.717552887364208 0.635
13 2.0559210526315788 6.101281269066504 0.775
14 1.9841269841269842 6.289308176100628 0.745
15 2.0876826722338206 6.199628022318661 0.737
16 1.8821757952192735 5.963029218843173 0.756
17 2.097755401720159 6.784260515603799 0.767
18 1.968503937007874 6.5487884741322855 0.747
20 2.034174125305126 6.609385327164574 0.72
22 2.0846362309776945 6.082725060827251 0.771
23 2.181976871045167 7.598784194528876 0.778
25 2.1294718909710393 9.624639076034649 0.779
26 2.127659574468085 6.451612903225807 0.766
27 2.164033758926639 6.830601092896175 0.8
29 2.1253985122210417 6.653359946773121 0.789
30 2.1190930281839373 6.653359946773121 0.754
32 2.113718030014796 6.7704807041299935 0.732
33 2.028809089064719 6.165228113440197 0.74
34 2.0185708518368997 6.230529595015576 0.735
35 2.014910336490026 6.618133686300463 0.791
36 1.7838030681412773 6.234413965087282 0.782
39 2.110149820637265 6.230529595015576 0.781
40 2.0911752404851525 6.561679790026246 0.776
41 2.068680182043856 6.5359477124183005 0.77
42 2.0529665366454526 6.101281269066504 0.775
43 2.029220779220779 6.30119722747322 0.778
44 2.05761316872428 6.414368184733803 0.746
45 2.0682523267838677 6.5487884741322855 0.793
46 2.0938023450586263 6.430868167202572 0.785
47 1.9992003198720512 6.131207847946046 0.763
48 1.9723865877712032 6.333122229259025 0.675
49 1.9069412662090008 5.790387955993052 0.634
50 2.0729684908789388 6.222775357809582 0.761
51 1.9394879751745542 6.226650062266501 0.742
52 1.8389113644722326 6.321112515802781 0.784
54 1.9770660340055357 6.666666666666667 0.777
55 2.072538860103627 6.618133686300463 0.768
56 2.2075055187637966 6.451612903225807 0.803
57 2.1003990758244067 6.410256410256411 0.805
58 2.1668472372697725 6.464124111182935 0.777
59 2.0491803278688523 6.289308176100628 0.778
60 2.1070375052675936 6.561679790026246 0.788
62 1.8191740949608879 5.5035773252614195 0.578
63 1.9489378288832586 6.49772579597141 0.788
64 2.1253985122210417 6.269592476489028 0.743
65 2.045408058907752 6.309148264984227 0.749
66 2.03210729526519 6.30119722747322 0.761
67 2.0903010033444818 6.067961165048543 0.757
68 2.0403999183840034 6.443298969072165 0.772
70 2.1030494216614093 6.697923643670463 0.781
74 1.5964240102171137 2.938583602703497 0.115
75 1.2758356723653992 1.821161901293025 -0.223
76 0.8391373667869431 1.3908205841446455 -1.08
