residue_number R1 R2 NOE
4 1.0638297872340425 3.1515915537346357 -0.651
5 1.1198208286674132 4.1034058268362745 -0.354
6 1.1947431302270013 5.353319057815846 -0.052
7 1.4204545454545456 5.851375073142188 0.112
8 1.4084507042253522 8.576329331046313 0.31
9 1.2658227848101264 13.21003963011889 0.627
11 1.2515644555694618 14.771048744460858 0.74
14 1.2738853503184713 12.21001221001221 0.722
15 1.2531328320802004 16.10305958132045 0.775
16 1.2626262626262625 15.197568389057752 0.758
17 1.1848341232227488 15.503875968992247 0.807
19 1.1890606420927468 13.908205841446453 0.753
20 1.2515644555694618 15.64945226917058 0.85
21 1.2515644555694618 14.992503748125937 0.799
23 1.146788990825688 15.337423312883438 0.774
24 1.0940919037199124 14.727540500736376 0.793
25 1.1061946902654867 14.903129657228016 0.83
26 1.1820330969267139 16.0 0.838
27 1.17096018735363 13.927576601671309 0.77
28 1.160092807424594 15.873015873015873 0.809
29 1.203369434416366 14.471780028943561 0.749
30 1.272264631043257 15.197568389057752 0.863
31 1.2019230769230769 16.155088852988694 0.865
32 1.0822510822510822 14.124293785310734 0.813
33 1.2019230769230769 16.207455429497568 0.807
34 1.1534025374855825 16.339869281045754 0.813
35 1.1918951132300357 20.28397565922921 0.798
36 1.2578616352201257 15.600624024960997 0.812
37 1.3003901170351104 16.58374792703151 0.802
38 1.297016861219196 16.75041876046901 0.779
39 1.1641443538998837 15.698587127158554 0.708
40 1.0857763300760044 17.636684303350968 0.853
41 1.2150668286755772 17.301038062283737 0.734
43 1.366120218579235 20.833333333333332 0.709
46 1.297016861219196 15.948963317384369 0.452
48 1.2453300124533 16.366612111292962 0.774
52 1.2224938875305624 22.88329519450801 0.716
53 1.1441647597254005 20.79002079002079 0.637
54 1.1325028312570782 16.129032258064516 0.842
55 1.148105625717566 15.673981191222571 0.856
56 1.1695906432748537 16.666666666666668 0.813
57 1.2062726176115803 15.313935681470138 0.753
58 1.1695906432748537 14.641288433382138 0.828
60 1.2610340479192939 15.290519877675841 0.747
61 1.1123470522803114 14.534883720930232 0.728
62 1.17096018735363 14.5985401459854 0.758
63 1.2422360248447204 14.947683109118087 0.772
64 1.1990407673860912 13.623978201634877 0.739
65 1.2195121951219512 15.267175572519083 0.776
66 1.287001287001287 16.233766233766232 0.883
67 1.17096018735363 14.124293785310734 0.829
68 1.1904761904761905 16.556291390728475 0.856
69 1.1049723756906078 15.360983102918585 0.901
71 1.1098779134295227 15.948963317384369 0.732
73 1.2224938875305624 14.925373134328357 0.765
76 1.2562814070351758 14.43001443001443 0.677
77 1.2019230769230769 18.38235294117647 0.696
78 1.1764705882352942 16.339869281045754 0.781
79 1.0834236186348862 16.863406408094434 0.733
80 1.4409221902017293 10.351966873706004 0.878
82 1.095290251916758 15.45595054095827 0.718
83 1.1389521640091116 14.306151645207438 0.777
84 1.2406947890818858 16.339869281045754 0.766
87 1.1560693641618498 13.831258644536652 0.731
88 1.231527093596059 14.925373134328357 0.82
89 1.2269938650306749 12.484394506866415 0.553
92 1.2804097311139564 16.528925619834713 0.796
93 1.1990407673860912 14.992503748125937 0.73
94 1.2360939431396785 15.923566878980893 0.782
95 1.1520737327188941 14.5985401459854 0.865
96 1.2254901960784315 15.174506828528072 0.712
97 1.2091898428053205 14.66275659824047 0.862
98 1.1904761904761905 15.552099533437016 0.77
99 1.272264631043257 15.723270440251572 0.726
100 1.2254901960784315 14.814814814814813 0.823
101 1.1682242990654206 15.313935681470138 0.755
104 1.1890606420927468 15.243902439024389 0.719
105 1.1376564277588168 16.69449081803005 0.764
106 1.1750881316098707 14.814814814814813 0.776
107 1.2077294685990339 15.723270440251572 0.766
108 1.2658227848101264 15.64945226917058 0.765
109 1.1641443538998837 15.45595054095827 0.785
110 0.9276437847866419 13.477088948787062 0.784
112 1.3175230566534915 16.025641025641026 0.896
113 1.2376237623762376 15.600624024960997 0.818
115 1.2674271229404308 17.6056338028169 0.778
116 1.3054830287206267 16.420361247947454 0.797
117 1.2239902080783354 15.772870662460567 0.829
118 1.2300123001230012 16.5016501650165 0.845
119 1.1778563015312131 16.920473773265652 0.881
120 1.187648456057007 16.80672268907563 0.851
122 1.2150668286755772 15.822784810126581 0.886
123 1.2254901960784315 16.051364365971107 0.815
124 1.218026796589525 15.974440894568689 0.84
125 1.243781094527363 16.233766233766232 0.819
127 1.2345679012345678 16.181229773462782 0.854
128 1.1587485515643106 16.286644951140065 0.782
129 1.2919896640826873 16.0 0.826
130 1.2300123001230012 15.89825119236884 0.707
131 1.1520737327188941 14.164305949008499 0.689
132 1.2062726176115803 14.792899408284025 0.726
133 1.2224938875305624 15.313935681470138 0.742
134 1.2886597938144329 15.45595054095827 0.764
135 1.2406947890818858 16.207455429497568 0.841
136 1.3003901170351104 16.528925619834713 0.845
137 1.1641443538998837 19.193857965451055 0.799
138 1.2150668286755772 16.155088852988694 0.903
139 1.2345679012345678 15.360983102918585 0.795
140 1.314060446780552 16.39344262295082 0.763
141 1.1695906432748537 16.5016501650165 0.861
142 1.218026796589525 14.992503748125937 0.83
143 1.1111111111111112 14.903129657228016 0.752
144 1.1123470522803114 14.367816091954024 0.68
146 1.0319917440660475 12.048192771084336 0.622
148 1.2515644555694618 16.528925619834713 0.831
150 1.2706480304955527 15.503875968992247 0.761
151 1.2515644555694618 16.420361247947454 0.785
152 1.2936610608020698 16.129032258064516 0.827
154 1.287001287001287 16.233766233766232 0.799
155 1.2886597938144329 16.181229773462782 0.79
156 1.2562814070351758 16.778523489932887 0.819
157 1.2515644555694618 16.129032258064516 0.79
158 1.2886597938144329 14.124293785310734 0.799
159 1.1560693641618498 15.772870662460567 0.826
160 1.2195121951219512 15.974440894568689 0.808
161 1.2706480304955527 15.082956259426847 0.846
162 1.2406947890818858 16.39344262295082 0.818
165 1.3477088948787062 14.04494382022472 0.788
167 1.203369434416366 16.233766233766232 0.825
168 1.218026796589525 16.778523489932887 0.787
169 1.0857763300760044 15.948963317384369 0.773
171 1.2376237623762376 16.233766233766232 0.718
173 1.2019230769230769 22.675736961451246 0.721
175 0.9505703422053231 12.77139208173691 0.534
176 1.053740779768177 23.419203747072597 0.703
178 1.148105625717566 17.921146953405017 0.708
179 1.0989010989010988 6.531678641410842 -0.224
