residue_number R1 R2 NOE
3 0.970873786407767 3.536067892503536 -0.256
4 0.9398496240601504 3.846153846153846 0.024
5 1.0416666666666667 4.62962962962963 0.268
6 1.0989010989010988 5.810575246949448 0.29
7 2.053388090349076 6.277463904582548 0.41
8 0.9813542688910698 9.9304865938431 0.437
9 0.8163265306122448 16.69449081803005 0.719
11 0.6988120195667366 18.315018315018314 0.788
14 0.7479431563201197 15.503875968992247 0.778
15 0.7418397626112759 19.607843137254903 0.84
16 0.7168458781362007 18.65671641791045 0.84
17 0.6631299734748011 18.832391713747647 0.817
19 0.6711409395973155 16.5016501650165 0.817
20 0.7194244604316548 18.867924528301888 0.837
21 0.6872852233676976 18.484288354898336 0.804
22 0.6605019815059445 18.214936247723134 0.816
23 0.6377551020408163 18.51851851851852 0.813
24 0.56657223796034 17.452006980802793 0.86
25 0.6341154090044389 17.064846416382252 0.845
26 0.7215007215007215 19.193857965451055 0.859
27 0.6868131868131868 17.33102253032929 0.821
28 0.6578947368421053 19.646365422396855 0.861
29 0.6544502617801047 18.115942028985508 0.839
30 0.6648936170212766 18.6219739292365 0.876
31 0.6557377049180328 19.68503937007874 0.83
32 0.5128205128205129 16.025641025641026 0.844
33 0.6443298969072164 18.69158878504673 0.868
34 0.5903187721369539 19.083969465648853 0.808
35 0.6389776357827476 22.172949002217294 0.866
36 0.6858710562414266 16.835016835016834 0.855
37 0.6978367062107467 20.120724346076457 0.824
38 0.6816632583503749 19.76284584980237 0.863
39 0.6451612903225806 18.552875695732837 0.852
40 0.6305170239596469 20.79002079002079 0.864
41 0.6988120195667366 18.484288354898336 0.861
42 0.6858710562414266 30.674846625766875 0.775
43 0.7027406886858749 28.328611898016998 0.828
46 0.8620689655172414 19.646365422396855 0.492
48 0.8012820512820513 18.726591760299623 0.462
52 0.6060606060606061 27.3224043715847 0.849
53 0.5882352941176471 26.315789473684212 0.845
54 0.6666666666666666 20.408163265306122 0.809
55 0.6075334143377886 18.484288354898336 0.849
56 0.5882352941176471 18.552875695732837 0.87
57 0.6097560975609756 16.835016835016834 0.875
58 0.6031363088057902 17.301038062283737 0.823
60 0.6609385327164574 18.214936247723134 0.828
61 0.6968641114982578 17.699115044247787 0.799
62 0.6648936170212766 17.6056338028169 0.8
63 0.6688963210702341 19.646365422396855 0.821
64 0.6896551724137931 17.953321364452425 0.812
65 0.678886625933469 17.88908765652952 0.843
66 0.641025641025641 18.315018315018314 0.844
67 0.6105006105006106 18.281535648994517 0.814
68 0.6042296072507553 19.23076923076923 0.889
69 0.5586592178770949 18.76172607879925 0.783
71 0.6369426751592356 16.10305958132045 0.811
74 0.6896551724137931 18.181818181818183 0.762
75 0.7535795026375283 18.867924528301888 0.707
76 0.7593014426727411 17.98561151079137 0.702
77 0.7102272727272728 26.109660574412533 0.692
78 0.6738544474393531 19.49317738791423 0.777
79 0.651890482398957 20.28397565922921 0.815
80 0.725689404934688 11.248593925759279 0.822
82 0.5837711617046117 19.083969465648853 0.807
83 0.6134969325153374 17.6678445229682 0.813
84 0.6277463904582549 18.34862385321101 0.858
87 0.6666666666666666 16.286644951140065 0.806
88 0.7142857142857143 19.23076923076923 0.826
89 0.7633587786259541 15.384615384615383 0.613
92 0.7407407407407407 20.242914979757085 0.829
93 0.7052186177715092 17.88908765652952 0.829
94 0.6349206349206349 18.79699248120301 0.824
95 0.6060606060606061 17.36111111111111 0.773
96 0.7178750897343862 18.90359168241966 0.823
97 0.6756756756756757 17.921146953405017 0.813
98 0.6724949562878278 19.047619047619047 0.833
99 0.7692307692307692 19.37984496124031 0.799
100 0.6784260515603799 17.636684303350968 0.786
101 0.683526999316473 18.34862385321101 0.787
104 0.6711409395973155 18.45018450184502 0.8
105 0.6944444444444444 19.417475728155342 0.751
106 0.6600660066006601 17.825311942959004 0.795
107 0.6756756756756757 18.083182640144663 0.86
108 0.7220216606498195 19.193857965451055 0.852
109 0.6472491909385114 18.6219739292365 0.851
110 0.5882352941176471 8.620689655172413 0.876
112 0.7751937984496123 19.342359767891683 0.868
113 0.6514657980456027 18.867924528301888 0.858
114 0.6734006734006733 20.2020202020202 0.84
115 0.6385696040868455 20.53388090349076 0.861
116 0.6493506493506493 18.552875695732837 0.916
117 0.6464124111182935 19.342359767891683 0.889
118 0.6317119393556538 19.646365422396855 0.876
119 0.68259385665529 20.491803278688522 0.84
120 0.6510416666666666 20.242914979757085 0.879
122 0.6493506493506493 18.552875695732837 0.914
123 0.6514657980456027 19.68503937007874 0.887
124 0.6493506493506493 18.69158878504673 0.873
125 0.6230529595015576 19.455252918287936 0.83
127 0.6184291898577613 19.880715705765407 0.879
128 0.6915629322268326 19.157088122605362 0.812
129 0.7336757153338225 18.69158878504673 0.749
130 0.7117437722419929 20.79002079002079 0.756
131 0.6688963210702341 17.271157167530223 0.755
132 0.6422607578676943 18.083182640144663 0.759
133 0.641025641025641 17.699115044247787 0.781
134 0.6765899864682002 18.34862385321101 0.806
135 0.6426735218508998 20.161290322580644 0.846
136 0.641025641025641 19.9203187250996 0.84
137 0.6711409395973155 26.041666666666668 0.852
138 0.5797101449275363 18.90359168241966 0.85
139 0.6451612903225806 18.281535648994517 0.87
140 0.6369426751592356 18.248175182481752 0.854
141 0.8032128514056224 12.121212121212121 0.824
142 0.6711409395973155 19.880715705765407 0.847
143 0.6024096385542169 17.21170395869191 0.865
144 0.6097560975609756 18.083182640144663 0.726
145 0.641025641025641 31.847133757961785 0.665
146 0.5797101449275363 15.923566878980893 0.712
147 0.5319148936170213 17.73049645390071 0.832
148 0.7168458781362007 19.68503937007874 0.829
150 0.7092198581560284 18.79699248120301 0.756
151 0.6765899864682002 19.305019305019304 0.843
152 0.7204610951008646 19.342359767891683 0.872
153 0.7407407407407407 18.93939393939394 0.822
154 0.7369196757553427 19.68503937007874 0.83
155 0.5464480874316939 2.6874496103198067 0.861
156 0.7042253521126761 20.04008016032064 0.874
157 0.7168458781362007 19.646365422396855 0.779
158 0.6993006993006994 20.32520325203252 0.831
159 0.6493506493506493 19.68503937007874 0.89
160 0.7027406886858749 19.607843137254903 0.837
161 0.6802721088435374 18.315018315018314 0.828
162 0.6711409395973155 19.880715705765407 0.842
165 0.7763975155279503 17.391304347826086 0.801
167 0.6523157208088716 19.455252918287936 0.844
168 0.6684491978609626 20.366598778004075 0.805
169 0.6289308176100629 18.90359168241966 0.836
171 0.7320644216691068 20.5761316872428 0.829
173 0.625 31.347962382445143 0.847
175 0.5724098454493417 16.0 0.558
176 0.6430868167202572 31.25 0.83
178 0.6527415143603134 23.809523809523807 0.707
179 0.8873114463176575 7.8064012490242005 0.234
