residue_number R1 R2 NOE
3 1.2626262626262625 3.055300947143294 -0.952
4 1.2987012987012987 3.561253561253561 -0.086
5 1.4184397163120568 4.336513443191674 0.176
6 1.4577259475218658 5.055611729019211 -0.115
7 1.4925373134328357 5.720823798627002 0.062
8 1.2004801920768309 8.912655971479502 0.493
9 1.0101010101010102 14.184397163120568 0.706
11 0.970873786407767 16.025641025641026 0.839
14 0.9813542688910698 15.772870662460567 0.777
15 1.0615711252653928 17.6678445229682 0.79
16 1.0090817356205852 17.18213058419244 0.702
17 0.9671179883945841 16.949152542372882 0.812
19 0.9225092250922509 15.220700152207003 0.784
20 1.0040160642570282 16.778523489932887 0.752
21 0.9596928982725528 16.31321370309951 0.737
22 1.0548523206751055 16.366612111292962 0.725
23 0.9416195856873822 16.80672268907563 0.831
24 0.9041591320072332 16.077170418006432 0.724
25 0.9115770282588879 16.233766233766232 0.837
26 1.0080645161290323 17.301038062283737 0.807
27 0.9310986964618249 15.797788309636653 0.763
28 0.9532888465204957 17.36111111111111 0.858
29 0.9478672985781991 16.528925619834713 0.784
30 0.9920634920634921 16.5016501650165 0.778
31 0.9310986964618249 16.638935108153078 0.743
32 0.8176614881439084 15.384615384615383 0.841
33 0.9551098376313276 18.01801801801802 0.842
34 0.9149130832570906 16.97792869269949 0.864
35 0.9124087591240875 19.76284584980237 0.869
36 0.9165902841429882 11.682242990654206 0.807
37 0.9746588693957114 17.241379310344826 0.791
38 0.9140767824497257 18.38235294117647 0.916
39 0.9433962264150942 17.33102253032929 0.769
40 0.9803921568627451 18.248175182481752 0.832
41 0.998003992015968 17.391304347826086 0.849
42 0.9433962264150942 21.27659574468085 0.808
43 0.9765625 19.9203187250996 0.649
46 1.1235955056179776 13.513513513513514 0.537
48 1.17096018735363 15.552099533437016 0.407
52 0.9615384615384615 21.598272138228943 0.879
53 0.9615384615384615 22.172949002217294 0.849
54 0.9920634920634921 17.543859649122805 0.807
55 0.9505703422053231 17.421602787456447 0.803
56 0.970873786407767 18.050541516245488 0.788
57 0.8826125330979699 16.31321370309951 0.901
58 0.9433962264150942 16.366612111292962 0.861
60 1.070663811563169 16.835016835016834 0.839
61 1.0362694300518136 16.31321370309951 0.822
62 0.9074410163339383 16.233766233766232 0.775
63 1.001001001001001 17.035775127768314 0.778
64 1.001001001001001 16.10305958132045 0.757
65 0.9259259259259258 16.58374792703151 0.79
66 0.9478672985781991 17.064846416382252 0.88
67 0.9891196834817014 16.31321370309951 0.851
68 0.9680542110358181 17.421602787456447 0.951
69 0.9624639076034649 16.638935108153078 0.93
71 0.970873786407767 16.207455429497568 0.818
73 0.998003992015968 16.286644951140065 0.724
74 1.0204081632653061 15.923566878980893 0.658
75 1.1111111111111112 16.420361247947454 0.607
76 1.017293997965412 16.181229773462782 0.617
77 0.8756567425569177 21.50537634408602 0.758
78 0.9099181073703367 18.050541516245488 0.774
79 0.9090909090909091 18.34862385321101 0.767
80 1.0893246187363834 10.695187165775401 0.576
82 0.9523809523809523 17.699115044247787 0.832
83 0.8826125330979699 15.948963317384369 0.762
84 0.9049773755656109 16.129032258064516 0.805
87 0.9718172983479106 14.771048744460858 0.74
88 0.9680542110358181 16.75041876046901 0.772
89 0.9960159362549801 14.04494382022472 0.635
92 1.0060362173038229 17.857142857142858 0.759
93 1.027749229188078 16.181229773462782 0.676
94 0.9514747859181732 16.949152542372882 0.75
95 0.9803921568627451 17.271157167530223 0.869
96 0.9970089730807579 17.636684303350968 0.833
97 1.0928961748633879 16.39344262295082 0.756
98 0.946073793755913 17.271157167530223 0.849
99 1.0070493454179255 17.33102253032929 0.718
100 0.9823182711198428 15.822784810126581 0.773
101 0.9551098376313276 16.949152542372882 0.699
103 0.984251968503937 13.94700139470014 0.588
104 0.987166831194472 16.666666666666668 0.661
105 0.9066183136899365 18.281535648994517 0.722
106 0.9587727708533078 16.10305958132045 0.867
107 0.9442870632672333 16.129032258064516 0.787
108 0.9380863039399624 16.69449081803005 0.806
109 0.9442870632672333 16.528925619834713 0.793
110 0.6802721088435374 8.865248226950355 0.652
112 0.9990009990009991 16.835016835016834 0.822
113 0.9363295880149812 16.949152542372882 0.841
115 0.9433962264150942 18.41620626151013 0.9
116 1.0 17.21170395869191 0.839
117 0.9041591320072332 17.152658662092627 0.868
118 1.0471204188481675 16.89189189189189 0.874
119 0.9469696969696969 17.36111111111111 0.872
120 0.9551098376313276 17.36111111111111 0.779
122 0.89126559714795 16.97792869269949 0.819
123 0.9398496240601504 17.543859649122805 0.901
124 0.9487666034155597 17.271157167530223 0.803
125 0.9551098376313276 18.115942028985508 0.763
127 0.9606147934678195 16.39344262295082 0.727
128 0.9671179883945841 17.953321364452425 0.709
129 1.0 17.006802721088437 0.759
130 0.9746588693957114 17.543859649122805 0.732
131 0.9671179883945841 15.4320987654321 0.631
132 0.9267840593141798 15.974440894568689 0.798
133 0.9199632014719411 17.152658662092627 0.811
134 0.9652509652509652 16.611295681063122 0.726
135 0.9345794392523364 17.6678445229682 0.716
136 0.9099181073703367 17.921146953405017 0.725
137 0.9587727708533078 21.231422505307854 0.729
138 0.9337068160597572 17.921146953405017 0.831
139 0.9765625 17.6678445229682 0.823
140 0.9174311926605504 16.949152542372882 0.835
141 0.8857395925597874 17.33102253032929 0.766
142 0.9615384615384615 17.391304347826086 0.758
143 0.9469696969696969 16.207455429497568 0.861
144 0.856898029134533 15.974440894568689 0.688
145 0.8992805755395683 27.247956403269754 0.6
146 0.8149959250203749 14.124293785310734 0.721
147 1.015228426395939 16.666666666666668 0.791
148 1.053740779768177 17.301038062283737 0.939
150 0.9606147934678195 16.58374792703151 0.786
151 0.9671179883945841 17.921146953405017 0.881
152 0.99304865938431 17.857142857142858 0.782
153 1.0141987829614605 17.636684303350968 0.881
154 1.0141987829614605 17.241379310344826 0.867
155 0.5730659025787965 3.4376074252320388 0.91
156 1.001001001001001 17.88908765652952 0.764
157 0.9680542110358181 17.761989342806395 0.82
158 1.0 18.726591760299623 0.783
159 0.9541984732824427 17.33102253032929 0.893
160 0.9910802775024778 17.953321364452425 0.821
161 0.9718172983479106 16.420361247947454 0.904
162 0.9354536950420954 18.181818181818183 0.833
165 1.0319917440660475 16.077170418006432 0.776
167 0.9433962264150942 16.920473773265652 0.846
168 0.9615384615384615 18.34862385321101 0.747
169 0.9191176470588235 17.452006980802793 0.702
171 0.9699321047526674 17.123287671232877 0.737
173 0.8756567425569177 30.030030030030026 0.992
175 0.8680555555555556 13.75515818431912 0.617
176 0.9784735812133072 26.954177897574123 0.871
178 0.9756097560975611 20.366598778004075 0.682
179 1.016260162601626 7.479431563201196 -0.145
