residue_number R1 R2 NOE
3 1.051 4.355 -0.513
4 1.207 7.713 0.209
6 1.171 14.264 0.634
7 1.174 15.09 0.878
8 1.192 15.938 0.865
9 1.343 16.074 0.732
10 1.263 17.643 0.757
11 1.268 15.779 0.563
12 1.315 16.32 0.745
13 1.258 15.98 0.73
14 1.261 16.489 0.744
15 1.415 9.439 0.406
16 1.241 17.417 0.948
17 1.301 17.092 0.852
18 1.304 16.285 0.647
19 1.312 13.989 0.606
20 1.416 9.884 0.31
23 1.315 15.154 0.562
24 1.199 19.692 0.665
25 1.325 15.997 0.687
26 1.366 18.528 0.625
31 1.397 17.502 0.455
32 1.327 16.73 0.794
33 1.239 14.805 0.953
34 1.257 16.951 0.714
35 1.278 20.125 0.4
36 1.406 18.736 0.707
39 1.419 11.251 0.333
40 1.396 11.29 0.392
41 1.271 17.554 0.113
42 1.384 12.509 0.52
43 1.421 9.915 0.421
44 1.558 11.287 0.44
45 1.424 13.219 0.338
46 1.472 11.558 0.441
47 1.378 11.042 0.479
49 1.459 11.126 0.472
50 1.509 10.623 0.397
51 1.489 11.626 0.299
52 1.339 7.335 0.362
53 1.328 15.652 0.569
56 1.44 22.675 0.512
57 1.335 15.582 0.57
58 1.181 16.05 0.626
60 1.298 17.0 0.831
77 1.369 16.526 0.651
78 1.297 16.116 0.645
79 1.24 16.102 0.889
80 1.335 16.437 0.782
81 1.378 18.342 0.607
82 1.341 14.996 0.48
83 1.304 15.665 0.614
84 1.397 15.983 0.429
85 1.367 15.029 0.59
86 1.161 23.987 0.411
91 1.347 10.854 0.466
92 1.346 14.972 0.537
93 1.395 10.005 0.111
94 1.238 16.389 0.727
95 1.452 16.575 0.672
96 1.326 17.942 0.503
97 1.543 17.107 0.54
98 1.488 15.307 0.511
99 1.366 9.802 -0.0
100 1.437 12.142 0.403
101 1.47 12.902 0.137
102 1.43 16.704 0.573
103 1.4 12.524 0.344
104 1.501 12.557 0.532
105 1.472 13.28 0.695
106 1.378 10.142 0.345
107 1.378 10.936 0.213
108 1.416 10.694 0.374
109 1.453 11.139 0.1
111 1.31 14.791 0.588
112 1.34 14.098 0.536
113 1.288 15.027 0.651
114 1.345 18.651 0.894
115 1.349 14.839 0.431
116 1.29 16.588 0.833
117 1.334 15.807 0.898
118 1.362 15.294 0.918
119 1.314 14.713 0.451
120 1.313 15.421 0.68
121 1.385 16.261 0.634
122 1.365 14.198 0.615
123 1.185 9.892 0.229
124 1.36 10.514 0.523
125 1.245 11.329 0.28
126 1.354 15.383 0.768
127 1.275 15.552 0.633
129 1.42 13.161 0.649
130 1.477 8.814 0.321
131 1.437 5.205 0.177
132 1.407 5.945 0.238
134 1.455 5.957 0.129
135 1.424 6.537 0.035
136 1.494 4.634 0.118
137 1.429 7.781 0.188
138 1.454 8.415 0.362
139 1.553 10.204 0.033
140 1.486 9.491 0.304
141 1.434 9.69 0.182
142 1.384 10.026 0.17
143 1.469 13.086 0.275
144 1.409 12.379 0.437
150 1.445 8.162 0.281
151 1.438 10.668 0.257
152 1.445 9.94 0.362
154 1.404 11.268 0.364
155 1.41 14.009 0.504
156 1.341 14.518 0.456
157 1.42 12.235 0.518
158 1.311 17.432 0.604
161 1.37 25.896 0.503
162 1.392 15.996 0.511
171 1.459 10.25 0.606
172 1.34 9.248 0.694
173 1.365 18.289 0.59
174 1.267 18.168 0.641
175 1.287 16.535 0.907
176 1.349 17.807 0.851
177 1.258 17.118 0.845
178 1.329 16.027 0.625
179 1.291 15.469 0.705
180 1.313 17.118 0.74
181 1.246 17.909 0.861
182 1.298 14.722 0.555
183 1.342 17.302 0.766
184 1.325 16.014 0.718
185 1.297 16.496 0.751
186 1.335 13.414 0.654
187 1.299 9.374 0.297
188 1.344 11.149 0.461
189 1.386 17.782 0.445
190 1.379 5.566 0.055
191 1.22 3.75 -0.187
