residue_number R1 R2 NOE
3 1.233 15.537 0.495
4 1.382 16.916 0.346
6 1.169 27.383 0.423
7 1.282 22.153 0.791
8 1.412 20.739 0.861
9 1.338 20.361 0.755
10 1.257 19.227 0.642
11 1.221 18.801 0.751
12 1.258 19.395 0.679
13 1.238 19.922 0.652
14 1.273 20.389 0.811
15 1.269 18.301 0.605
16 1.259 18.32 0.774
17 1.339 20.415 0.742
18 1.208 19.837 0.651
23 1.311 21.08 0.739
24 1.148 19.937 0.709
25 1.355 20.742 0.685
26 1.219 18.474 0.816
27 1.082 21.68 0.798
28 1.36 20.161 0.575
29 1.529 17.395 0.501
32 1.159 20.322 0.766
33 1.201 18.713 0.722
34 1.222 19.061 0.79
35 1.114 16.386 0.67
46 1.475 19.504 0.306
47 1.517 20.562 0.555
49 1.495 20.36 0.356
50 1.212 25.5 0.455
51 1.553 17.061 0.315
52 1.447 16.607 0.546
53 1.351 19.744 0.738
56 1.379 23.436 0.797
57 1.369 13.709 0.177
58 1.416 18.229 0.591
63 1.472 20.956 0.683
79 1.38 18.91 0.716
82 1.342 21.744 0.809
83 1.346 19.291 0.796
84 1.373 18.231 0.715
85 1.404 20.72 0.618
86 1.332 15.075 0.924
90 1.422 20.809 0.685
91 1.356 18.945 0.727
95 1.38 16.576 0.929
96 1.296 18.752 0.674
98 1.358 18.257 0.737
99 1.605 18.478 0.717
100 1.468 19.256 0.63
104 1.41 24.869 0.772
105 1.503 18.764 0.672
106 1.64 20.224 0.554
107 1.625 18.306 0.558
108 1.493 16.81 0.524
117 1.254 19.467 0.69
118 1.201 18.55 0.861
119 1.32 18.73 0.751
120 1.261 15.62 0.706
121 1.309 17.68 0.724
122 1.389 17.653 0.703
125 1.293 19.18 0.756
126 1.307 16.972 0.883
127 1.237 19.3 0.806
128 1.292 18.502 0.719
129 1.536 20.018 0.82
130 1.638 15.695 0.322
131 1.296 15.273 0.59
132 1.274 19.565 0.786
137 1.642 24.033 0.666
147 1.887 19.767 0.358
148 1.653 18.589 0.379
149 1.366 18.918 0.473
150 1.148 19.005 0.344
153 1.37 18.581 0.632
154 1.499 16.004 0.468
155 1.378 22.989 0.443
156 1.4 19.383 0.648
159 1.245 20.505 0.731
160 1.242 19.92 0.672
161 1.354 20.669 0.664
162 1.213 19.678 0.657
163 1.3 20.334 0.761
171 1.273 19.405 0.801
173 1.42 19.771 0.711
174 1.218 18.526 0.771
175 1.371 22.155 0.665
176 1.294 19.021 0.677
177 1.26 19.825 0.741
178 1.312 20.877 0.764
179 1.254 19.367 0.756
180 1.398 20.48 0.781
181 1.256 22.651 0.778
182 1.337 19.831 0.767
183 1.289 23.024 0.8
184 1.16 19.494 0.632
186 1.525 23.545 0.411
187 1.643 20.287 0.52
188 1.433 19.885 0.7
191 1.277 10.19 -0.022
