residue_number R1 R2 NOE
4 1.611600948265998 3.2241007982873575 -0.0834
5 1.8227984695784052 4.431504451446221 0.2275
6 1.8880998729308784 5.82540107886428 0.3853
7 1.9884985245340947 24.658723269943973 0.4831
8 1.9685000620077517 3.986795732533848 0.4703
9 1.906901266373131 8.267674220565013 0.4782
10 1.8077984810877163 5.1243946808783205 0.4537
11 1.9334992275670586 51.40463155730332 0.4573
12 1.9610996277832906 8.631479003927323 0.6012
13 2.1253985122210417 6.312015552806321 0.6488
14 2.211298408086276 13.630997979886098 0.6055
16 2.2164987299462275 5.654093846649667 0.6637
17 2.287701317715959 5.108791719670381 0.7096
18 2.3332975561041396 5.576094169078328 0.733
19 2.073299427976688 4.566793927990793 0.6568
20 2.0819020256906713 4.916396674549289 0.5719
21 1.8845984957134807 4.090297405524356 0.4003
22 1.7699992212003426 4.111994276103967 0.3823
23 1.8999017750782283 4.070799342158826 0.4473
24 1.924401799700563 4.064693664361985 0.4591
25 1.959600868495105 4.58200646062911 0.5464
26 2.0646994210582825 4.460004906005397 0.5597
29 2.1655990263466776 5.366188718124839 0.66
30 2.100902127373494 4.535209095815363 0.6496
31 2.2868014964828993 6.31648096212638 0.7312
32 2.2311020082149176 5.501488152545264 0.6953
33 2.2652006288196946 5.85641247884371 0.6367
34 2.2312015689809432 4.9262054424717725 0.6542
35 1.9544992572902824 3.7575056174708985 0.4906
36 0.9287983207326361 1.9714999960569999 -1.0054
