residue_number R1 R2 NOE
2 0.282 50.794 0.621
5 0.273 49.279 0.903
6 0.286 53.671 0.905
7 0.288 59.45 1.0
8 0.287 69.888 0.889
9 0.314 55.385 0.909
11 0.277 49.982 0.879
12 0.288 55.76 0.881
13 0.319 61.503 0.977
14 0.309 52.666 0.667
15 0.306 63.755 0.718
16 0.28 55.523 1.002
17 0.32 47.22 0.851
18 0.315 55.082 0.89
19 0.331 50.259 0.841
20 0.36 55.265 0.856
21 0.43 45.117 0.685
22 0.472 49.344 0.548
23 0.359 54.305 0.563
24 0.404 53.945 0.758
25 0.433 54.56 0.722
26 0.307 47.923 0.775
27 0.342 56.758 0.968
28 0.288 51.245 0.893
29 0.31 54.491 0.91
30 0.318 55.018 0.913
31 0.472 50.594 0.931
32 0.317 61.127 0.926
33 0.369 63.155 0.895
36 0.253 55.651 0.839
37 0.29 54.009 0.951
38 0.305 48.823 0.983
40 0.303 54.477 0.878
41 0.314 51.919 0.921
42 0.281 54.326 0.873
43 0.287 64.765 0.755
44 0.381 59.15 0.883
46 0.334 56.44 0.895
47 0.325 54.624 0.844
48 0.292 56.9 0.851
49 0.288 48.632 0.905
50 0.314 51.003 0.869
51 0.329 53.826 0.711
52 0.41 61.198 0.934
53 0.329 55.101 0.802
54 0.353 51.171 0.732
58 0.278 56.759 0.931
59 0.362 48.249 0.927
60 0.317 50.363 0.893
61 0.279 54.728 1.049
62 0.269 50.104 0.844
64 0.299 54.065 0.842
66 0.274 52.241 0.968
67 0.358 40.475 0.741
69 0.278 50.541 0.934
70 0.306 51.281 1.088
71 0.287 57.891 1.004
72 0.284 56.645 0.856
73 0.286 58.819 0.802
74 0.292 62.84 0.858
75 0.303 57.743 0.993
77 0.39 52.063 1.019
78 0.232 42.39 1.078
79 0.285 59.289 0.911
80 0.281 52.188 0.924
81 0.294 59.872 0.962
82 0.323 61.84 0.676
83 0.31 53.095 0.825
84 0.356 54.426 0.813
86 0.467 60.506 0.782
87 0.454 45.363 0.656
88 0.452 45.834 0.595
89 0.402 57.46 0.767
90 0.535 50.19 0.702
91 0.286 59.896 0.804
92 0.272 53.04 0.976
93 0.296 59.959 1.046
94 0.296 52.686 0.953
95 0.295 56.337 1.01
97 0.297 60.487 0.964
99 0.287 49.791 0.729
101 0.294 64.851 0.87
102 0.249 57.296 0.951
103 0.285 50.943 0.971
104 0.487 67.671 1.024
105 0.299 56.736 0.976
106 0.237 58.177 0.808
107 0.258 55.687 0.871
108 0.27 55.756 0.958
109 0.286 69.72 0.899
110 0.282 68.935 0.917
111 0.265 54.257 1.009
113 0.267 58.165 0.824
114 0.308 55.624 0.815
115 0.327 57.749 0.85
116 0.282 62.547 0.917
118 0.255 53.064 0.871
119 0.276 65.732 0.888
121 0.281 57.27 1.042
122 0.289 61.948 0.973
123 0.287 70.435 0.878
124 0.308 69.433 1.075
125 0.313 61.169 1.019
126 0.305 69.481 0.991
127 0.318 34.29 0.823
128 0.313 54.672 0.879
129 0.363 53.508 0.904
130 0.313 55.418 0.947
132 0.384 42.631 0.592
133 0.42 50.899 0.679
135 0.417 50.716 0.676
136 0.394 54.29 0.694
138 0.326 46.754 0.785
139 0.306 43.815 0.751
140 0.28 51.896 0.838
141 0.283 58.154 0.879
142 0.286 59.401 0.89
143 0.274 58.035 0.945
144 0.3 57.439 0.842
145 0.297 61.79 0.95
146 0.311 65.792 0.95
147 0.263 64.704 0.891
148 0.274 62.679 0.993
149 0.314 63.696 0.951
150 0.293 57.413 0.872
151 0.3 62.249 0.873
152 0.343 63.317 0.945
153 0.317 59.483 0.867
154 0.325 61.179 0.9
155 0.315 48.09 0.824
156 0.307 63.994 0.925
157 0.306 59.546 1.041
158 0.333 61.34 0.801
160 0.75 28.76 0.319
161 1.055 9.937 0.196
162 0.968 4.596 0.458
