residue_number R1 R2 NOE
2 1.08966 8.468472 0.453318
3 0.998617 8.735632 0.70679
4 1.078827 9.366855 0.727048
6 1.198161 10.40562 0.832077
7 1.160218 10.16439 0.833618
8 1.121462 10.24449 0.824816
10 1.073137 9.728099 0.827557
12 1.066633 12.77007 0.838138
13 1.170591 11.21756 0.825558
14 1.080798 10.54082 0.781311
15 1.102758 11.85355 0.818363
17 1.117985 10.38601 0.845859
18 1.180489 11.08539 0.835226
19 1.183932 11.6018 0.855623
20 1.161264 10.5744 0.837832
21 1.115006 11.08929 0.847222
22 1.157988 10.60373 0.843092
23 1.151672 10.3909 0.855386
24 1.169704 10.69098 0.844171
25 1.143342 9.956421 0.839234
26 1.216325 10.90702 0.837483
27 1.187341 11.71376 0.850004
29 1.104535 10.42303 0.775649
30 1.113333 9.948062 0.740117
31 1.090096 9.764284 0.844455
32 1.17591 10.80511 0.844381
33 1.108806 10.07116 0.840539
34 1.166841 10.65222 0.856858
35 1.1094 10.08566 0.847699
36 1.071382 9.747141 0.841599
37 1.112276 10.47758 0.848483
38 1.124442 10.14978 0.84536
39 1.085104 10.33606 0.838817
42 1.136662 11.31427 0.842654
43 1.0948 10.22529 0.829568
44 1.199707 11.10624 0.84918
45 1.20473 10.68404 0.843708
46 1.194351 11.92998 0.863719
47 1.153997 10.26606 0.848657
48 1.118384 10.44382 0.847437
50 1.172343 10.46057 0.849897
51 1.157956 10.26532 0.850124
52 1.20263 10.80424 0.825526
53 1.16672 9.495684 0.776008
55 1.210002 10.20131 0.821402
56 1.118601 9.664033 0.806941
57 1.086988 9.366987 0.791853
58 1.161035 10.58221 0.82608
59 1.180969 10.04067 0.820245
60 1.145715 10.56525 0.845681
61 1.149292 10.54274 0.848615
62 1.14602 10.76914 0.863704
63 1.051481 9.944215 0.845652
64 1.148214 11.49414 0.859331
65 1.083856 10.40971 0.845621
66 1.146328 10.2844 0.841615
67 1.150455 12.11283 0.849022
68 1.059578 10.6523 0.817583
69 1.172798 10.74101 0.859655
70 1.101322 10.4667 0.840413
71 1.192464 11.67692 0.854373
72 1.160863 10.4247 0.820391
73 1.122809 10.1815 0.826537
74 1.147765 10.0677 0.830109
75 1.13134 10.20062 0.824998
77 1.139768 13.68655 0.823841
78 1.196063 10.71253 0.837806
80 0.92275 8.151665 0.797291
81 1.130474 10.50265 0.850233
82 1.120649 10.69391 0.761484
83 1.119944 10.14123 0.796486
84 1.145756 10.4555 0.848294
86 1.185194 10.25781 0.832997
87 1.143707 10.32866 0.839554
88 1.134744 10.21314 0.858062
89 1.12039 9.955612 0.843887
90 1.083647 11.25051 0.837705
91 1.1623 11.59757 0.830176
92 1.16948 12.43907 0.860952
93 1.127869 12.80034 0.844695
95 1.24488 18.90116 0.852238
96 1.200158 15.26316 0.862916
97 1.121258 10.53668 0.870068
98 1.101422 21.70961 0.833166
99 1.134318 25.32653 0.845645
100 1.182237 11.48251 0.847884
101 1.127099 11.12823 0.844854
102 1.216165 10.85503 0.853236
103 1.208634 12.19021 0.836835
104 1.134595 10.34026 0.843454
106 1.169549 11.17206 0.841402
107 1.167972 17.17338 0.859341
108 1.173601 12.02341 0.844904
109 1.099586 12.23846 0.844357
110 1.130221 11.67127 0.839998
111 1.121119 10.3959 0.856313
112 1.10679 10.33715 0.835383
113 0.97438 9.391877 0.797954
115 1.036504 10.45575 0.764802
116 1.159113 10.09092 0.802366
117 1.262375 11.13484 0.838798
118 1.209442 10.44723 0.85997
119 1.14585 10.63851 0.835352
120 1.052722 8.989541 0.732761
121 1.251744 11.62451 0.832431
122 1.132695 10.26171 0.833318
123 1.155879 10.2668 0.831805
124 1.125703 9.939405 0.849187
125 1.128891 10.49997 0.850818
126 1.208853 11.32355 0.845877
127 1.114401 10.19681 0.850678
128 1.157538 10.42676 0.840094
129 1.159924 10.00192 0.834472
130 1.120934 9.261263 0.824848
131 1.210554 10.93653 0.82053
132 1.16009 10.41186 0.848232
133 1.183846 10.25812 0.847195
134 1.12606 10.11124 0.843918
135 1.18594 10.34671 0.850643
136 1.146858 10.35007 0.855352
137 1.114654 9.647073 0.79764
138 1.1424 9.623179 0.812629
