residue_number R1 R2 NOE
2 1.711081 7.613906 0.369149
3 1.367133 7.781833 0.668267
4 1.471249 8.205605 0.669794
6 1.702242 9.388095 0.815109
7 1.640932 9.180031 0.763001
8 1.6285 9.098321 0.784175
10 1.579879 8.85422 0.782167
12 1.889505 12.1764 0.993695
13 1.687389 9.343272 0.793138
14 1.509394 8.987485 0.75142
15 1.57197 10.15123 0.771058
17 1.614562 9.339477 0.783883
18 1.668913 9.646909 0.803006
19 1.719765 10.03783 0.797024
20 1.672849 9.350376 0.823488
21 1.621991 10.12704 0.789548
22 1.680902 9.170361 0.82192
23 1.665589 9.257955 0.805093
24 1.682245 9.13669 0.769629
25 1.650653 9.090903 0.802435
26 1.714851 9.549868 0.781334
27 1.67995 9.849001 0.801772
29 1.872102 11.92287 0.762376
30 1.537019 8.431563 0.709144
31 1.597372 8.998173 0.80323
32 1.669667 9.574109 0.824785
33 1.634526 9.150239 0.787321
34 1.669833 9.382658 0.796373
35 1.63448 9.364259 0.802326
36 1.563549 8.909548 0.778795
37 1.660054 10.06626 0.821975
38 1.626253 9.290553 0.752768
39 1.595124 9.515344 0.801438
42 1.628491 9.846906 0.775673
43 1.606833 9.558988 0.799399
44 1.657612 8.96773 0.805046
45 1.718915 9.673499 0.844431
46 1.736976 9.699907 0.813378
47 1.691814 9.38079 0.80128
48 1.672565 9.549624 0.798616
50 1.714734 9.363986 0.774563
51 1.678924 9.388182 0.80792
52 1.698452 9.807388 0.764822
53 1.611645 8.744446 0.712336
55 1.715219 8.892976 0.785176
56 1.577575 8.652764 0.775728
57 1.558575 8.367774 0.748725
58 1.664576 8.642182 0.785965
59 1.692178 9.242376 0.781148
60 1.680247 9.409722 0.798336
61 1.693995 9.337657 0.77741
62 1.675767 9.547202 0.809433
63 1.597747 9.278542 0.79679
64 1.679551 9.682517 0.823461
65 1.588061 9.449094 0.78718
66 1.65343 9.550388 0.784045
67 1.633075 10.02397 0.803211
68 1.525329 9.162491 0.782276
69 1.683616 9.84383 0.818432
70 1.635784 9.322855 0.814723
71 1.708159 10.48024 0.848663
72 1.63516 9.215808 0.795139
73 1.659332 9.156376 0.817894
74 1.64967 9.220961 0.722483
75 1.628144 9.242921 0.784045
77 1.565109 11.90517 0.784143
78 1.697095 9.982322 0.776256
80 1.303792 7.397427 0.741657
81 1.652489 9.791382 0.796592
82 1.656729 9.531992 0.781679
83 1.620023 9.383828 0.796613
84 1.699678 9.512001 0.977325
86 1.689744 9.318437 0.775829
87 1.644473 9.603532 0.790996
88 1.627498 9.0999 0.77296
89 1.608114 8.550838 0.79337
90 1.583688 9.770255 0.817518
91 1.651386 9.728502 0.814798
92 1.70244 10.54836 0.791227
93 1.653886 10.40212 0.833371
95 1.796494 13.77774 0.809142
96 1.718251 12.08306 0.774623
97 1.646562 9.509646 0.796009
98 1.621291 15.28855 0.838867
99 1.647295 23.95116 0.842299
100 1.689512 9.557863 0.83234
101 1.640408 9.952621 0.777022
102 1.746299 9.612499 0.773141
103 1.70662 10.35301 0.810807
104 1.582846 8.828382 0.809824
106 1.674267 10.10252 0.80509
107 1.667053 15.26995 0.828209
108 1.668407 10.38984 0.776282
109 1.574207 10.52217 0.835968
110 1.679384 9.713616 0.802949
111 1.626274 9.262054 0.813547
112 1.624672 9.623825 0.805168
113 1.44929 8.804117 0.740703
115 1.561026 9.242086 0.75395
116 1.631252 9.059929 0.777876
117 1.743954 9.714198 0.792387
118 1.738262 9.226376 0.754609
119 1.671008 9.640507 0.787037
120 1.50143 8.224368 0.714732
121 1.76716 10.10714 0.813487
122 1.634464 9.207611 0.802507
123 1.655277 9.45491 0.794771
124 1.643984 9.39091 0.818777
125 1.560092 8.846807 0.812497
126 1.705577 9.409162 0.765006
127 1.608737 9.516846 0.788152
128 1.659457 9.380532 0.800559
129 1.67907 8.997835 0.798886
130 1.597945 8.592872 0.782702
131 1.710375 9.933319 0.809477
132 1.637727 9.201875 0.779781
133 1.671368 9.247481 0.802322
134 1.639683 9.147912 0.791657
135 1.684476 9.226913 0.813509
136 1.65666 9.454022 0.811186
137 1.548381 8.507421 0.761556
138 1.59513 8.716918 0.770322
