residue_number R1 R2 NOE
2 1.541598 8.782689 0.429806
3 1.652453 7.415957 0.663988
4 1.763282 7.818099 0.752449
6 2.072552 8.951613 0.804974
7 1.884878 9.223933 0.835797
8 1.982419 8.783592 0.752489
10 1.93489 8.685255 0.935866
12 1.816161 12.76605 0.739443
13 1.986693 9.168907 0.793516
14 1.80993 8.403536 0.726788
15 1.930515 9.5586 0.748302
17 1.953895 9.172443 0.764686
18 1.998413 9.066777 0.772385
19 2.045803 9.432692 0.753068
20 2.013185 9.111171 0.839686
21 1.977296 11.02057 0.842792
22 2.035497 8.840074 0.821885
23 2.022288 8.949856 0.83549
24 2.052468 8.65305 0.797503
25 2.005916 8.747298 0.844989
26 1.975517 9.238995 0.860408
27 2.030151 9.649208 0.88584
29 2.006944 11.27303 0.935361
30 1.79039 8.107955 0.728734
31 1.911811 8.75676 0.809399
32 2.079444 9.274229 0.87458
33 1.993669 8.932434 0.720073
34 2.027402 8.997194 0.871352
35 1.976195 9.023957 0.878108
36 1.933482 8.573456 0.855801
37 1.958912 9.206727 0.839165
38 1.991189 8.894544 0.863677
39 1.946714 9.467483 0.845026
42 1.893453 9.592955 0.840252
43 1.948414 9.104103 0.791099
44 1.910152 9.210041 0.829667
45 2.083558 9.393622 0.864052
46 2.07985 9.433723 0.812046
47 2.035335 8.990098 0.829465
48 2.00018 9.315892 0.865203
50 2.052254 9.141713 0.814314
51 2.036414 9.08639 0.901085
52 1.959581 9.723007 0.816376
53 1.852361 9.017852 0.712838
55 1.949777 8.967684 0.750152
56 1.865552 8.438433 0.745153
57 1.869281 8.11694 0.778398
58 2.036859 8.810312 0.768712
59 2.030095 8.885055 0.816626
60 2.018834 9.178003 0.736279
61 1.994955 9.249939 0.970284
62 2.002593 9.273372 0.772797
63 1.875308 9.261694 0.812351
64 2.008857 9.460836 0.92344
65 1.920115 9.204495 0.835141
66 1.947712 9.152259 0.757424
67 1.950649 9.5756 0.832891
68 1.818455 8.910253 0.795978
69 1.910992 9.948787 0.91128
70 1.925897 9.220722 0.790234
71 1.983933 10.29285 0.877615
72 1.920005 9.262605 0.750327
73 1.943791 9.054864 0.746709
74 1.936995 9.683079 0.744612
75 1.936327 9.071908 0.859486
77 1.810618 10.81912 0.794636
78 1.946977 10.21497 0.861911
80 1.518492 7.023386 0.796504
81 2.11769 8.911668 0.823051
82 1.838129 9.831453 0.896295
83 1.943224 8.930769 0.747818
84 1.934532 8.880367 0.855985
86 1.945821 8.949757 0.791513
87 1.996779 9.083072 0.854417
88 2.006094 8.759076 0.863969
89 2.021622 9.037848 0.853893
90 1.91921 9.333268 0.83844
91 2.030846 9.285857 0.878399
92 2.037916 9.771928 0.898429
93 2.127518 10.16461 1.016444
95 1.972253 12.62859 0.841245
96 2.002341 11.21632 0.782958
97 1.980353 9.370873 0.876417
98 1.956814 13.40939 0.827557
99 1.982115 11.73217 0.827944
100 2.041898 9.118018 0.910414
101 1.997819 9.446559 0.757137
102 2.057097 9.045812 0.846565
103 2.018106 9.889166 0.848387
104 1.882823 8.549642 0.818435
106 2.107983 9.342666 0.896559
107 2.02374 13.95453 0.833239
108 1.991799 9.752051 0.750336
109 2.101605 9.176476 0.987743
110 1.965518 9.3991 0.812649
111 1.968083 9.213207 0.80053
112 1.937769 9.649553 0.81178
113 1.668801 8.82956 0.822755
115 1.743073 10.19731 0.729381
116 1.962106 8.875346 0.893057
117 2.04891 9.53609 0.804845
118 2.037354 9.127814 0.842388
119 1.984116 9.239291 0.857842
120 1.794615 7.911369 0.719376
121 2.103023 9.464284 0.827216
122 1.984612 9.059278 0.746191
123 2.023834 9.167876 0.865987
124 1.986658 9.096599 0.885615
125 1.819247 8.908735 0.816603
126 2.031972 8.982734 0.860528
127 1.936698 8.988124 0.804585
128 2.029384 8.898232 0.778157
129 2.043657 8.886599 0.862637
130 1.937423 8.247687 0.774035
131 2.056858 9.281352 0.830381
132 1.970929 8.755178 0.759771
133 1.995583 9.134044 0.801318
134 1.952279 8.846571 0.836005
135 1.9593 8.878305 0.847717
136 1.991938 9.103069 0.778187
137 1.775356 8.581566 0.744042
138 1.915317 8.3997 0.781294
