residue_number R1 R2 NOE
3 1.0096 2.3533 -0.217
5 1.1916 3.373 0.1491
6 1.2172 4.0894 0.2584
7 1.099 5.7986 0.3573
10 0.88414 17.8438 0.6089
11 0.80525 23.0082 0.7418
12 0.81961 21.3325 0.7994
13 0.72721 22.0314 0.7416
14 0.67722 22.5602 0.8536
15 0.67597 22.7631 0.8752
16 0.71711 21.7454 0.8893
17 0.6381 23.9338 0.7824
18 0.63469 21.9569 0.8636
19 0.69915 22.4517 0.9557
20 0.72152 22.3275 0.8597
21 0.68367 23.7383 0.9509
22 0.65667 23.3205 0.8136
23 0.71716 21.7074 0.8652
24 0.66428 22.7258 0.8392
25 0.60905 23.84 0.8563
26 0.77888 20.5116 0.8891
29 0.69578 19.6856 0.8612
30 0.73753 20.343 0.8421
31 0.70613 21.8927 0.8658
32 0.66067 24.146 0.9195
33 0.71064 20.5066 0.8722
34 0.78271 19.1037 0.8876
36 0.7726 18.6227 0.9089
37 0.69647 21.8484 0.9415
38 0.70045 20.7301 0.8519
40 0.69292 20.1743 0.8566
41 0.81134 21.0684 0.8314
42 0.6174 19.3359 0.7068
43 0.66938 22.3213 0.7948
44 0.65129 21.571 0.7352
45 0.6636 40.8347 0.832
46 0.68077 22.0557 0.7532
47 0.73712 19.6251 0.7805
49 0.79048 21.9426 0.7465
50 0.70234 21.5412 0.8128
51 0.70117 22.3342 0.8194
52 0.68924 21.136 0.8825
53 0.70992 18.2915 0.7984
54 0.66025 28.4283 0.8365
55 0.73135 22.2951 0.843
56 0.70906 21.3556 0.8838
58 0.6203 21.7667 0.8855
59 0.66565 21.2523 0.8847
60 0.61695 22.4411 0.8457
61 0.64063 23.8491 0.868
62 0.6626 21.1519 0.7922
63 0.64374 23.0113 0.8336
64 0.63228 23.914 0.8291
65 0.61871 21.7755 0.8666
66 0.68132 22.0686 0.8299
67 0.64855 22.1839 0.857
68 0.66931 21.8412 0.8435
69 0.66815 21.4736 0.8752
70 0.75641 19.1702 0.8527
71 0.71915 19.4329 0.8381
72 0.73781 15.8304 0.781
73 0.66426 19.1283 0.7978
74 0.65183 21.0551 0.8303
75 0.65233 22.9307 0.8248
76 0.6554 21.2047 0.818
77 0.63547 23.3822 0.8364
78 0.61967 21.8862 0.9008
79 0.66041 23.8271 0.9073
80 0.69523 24.8199 0.9126
81 0.63895 22.9986 0.8674
82 0.65329 23.7074 0.8928
83 0.63103 23.7566 0.8808
84 0.65851 31.7162 0.8263
85 0.60865 24.2943 0.8546
86 0.61443 24.8766 0.9345
87 0.65102 26.4784 0.9479
89 0.60249 24.4438 0.8873
90 0.60992 26.9822 0.88
96 0.74216 19.5336 0.8926
97 0.83589 20.8843 0.864
98 0.6491 27.9827 0.9099
100 0.65552 23.1726 0.8415
101 0.65099 22.8006 0.9681
102 0.6487 22.2132 0.8145
103 0.65083 21.8024 0.8906
104 0.6108 27.2806 0.7112
105 0.67379 27.505 0.8983
106 0.68437 24.1101 0.8893
107 0.63736 33.9871 0.9178
109 0.83759 29.5706 1.3461
110 0.63567 24.1836 0.8725
111 0.62596 28.9063 0.7635
113 0.60726 27.211 0.8897
114 0.61987 25.3284 0.8063
115 0.68012 22.0167 0.8595
119 0.9029 13.8508 0.4183
120 1.1254 4.76 0.3203
