residue_number R1 R2 NOE
1 0.96151 0.71616 -1.4201
6 1.3835 3.4121 -0.3244
7 1.559 12.1624 -0.1326
8 1.5893 9.3923 0.2918
11 1.4662 6.6159 0.1399
12 1.3118 5.5134 0.4933
14 1.4418 6.8276 0.3894
15 1.2959 14.3493 0.6625
17 1.4386 24.4025 0.817
18 1.439 14.9486 0.6946
19 1.4464 14.3915 0.6677
21 1.2984 13.6253 1.0127
22 1.3812 14.1073 0.7928
23 1.3757 13.3936 0.8239
24 1.3349 14.4322 0.853
25 1.3701 14.1404 0.7965
26 1.4834 12.123 0.7661
27 1.2986 13.6747 0.7676
28 1.2457 14.1724 0.7861
29 1.2469 13.4684 0.7432
30 1.3467 12.0024 0.8116
31 1.3641 14.1794 0.8669
32 1.2692 13.3992 0.8209
33 1.2928 13.9024 0.776
34 1.48 12.562 0.7922
35 1.3704 12.3968 0.786
36 1.3262 11.8664 0.7926
37 1.5323 12.3529 0.8057
38 1.4111 11.0414 0.7957
40 1.434 13.006 0.8127
42 1.374 12.0319 0.7553
44 1.3445 12.5471 0.7753
45 1.546 18.7864 0.8205
46 1.263 12.565 0.6962
48 1.3038 9.3053 0.5675
49 1.3145 14.3369 0.6982
50 1.4296 10.6305 0.6806
51 1.413 13.0694 0.7418
54 1.4469 14.7341 0.7606
55 1.4511 13.7339 0.8617
56 1.3477 11.9257 0.6713
57 1.3884 10.7964 0.7361
58 1.3822 14.9774 0.7535
59 1.3866 11.5116 0.7512
60 1.4015 10.3918 0.6759
62 1.3717 12.1326 0.8324
63 1.2933 12.4558 0.8259
64 1.3004 14.3427 0.8263
65 1.3782 12.8423 0.8635
67 1.268 13.6305 0.8304
68 1.3427 14.8161 0.8273
69 1.3852 13.45 0.82
70 1.253 13.6932 0.9132
71 1.2887 14.0091 0.8322
72 1.2423 14.4059 0.8329
73 1.3623 11.0172 0.8584
74 1.5132 15.2678 0.6702
75 1.4297 13.7246 0.8811
76 1.5099 11.9188 0.8442
77 1.3955 11.987 0.8315
79 1.4094 13.3451 0.8187
80 1.2693 13.7717 0.813
81 1.3076 14.2671 0.7928
82 1.297 13.0393 0.8426
83 1.2081 15.2741 0.8201
84 1.2916 13.2531 0.7803
85 1.2792 13.0816 0.799
86 1.2941 15.3489 0.8284
87 1.2482 13.8819 0.8264
88 1.3039 13.3422 0.8242
89 1.308 13.4062 0.8139
90 1.2948 13.7448 0.8574
91 1.2662 13.8405 0.8323
92 1.4039 14.1923 0.8481
93 1.2929 13.5953 0.8032
94 1.3234 14.1782 0.7946
95 1.3335 12.7697 0.8065
97 1.3079 13.6035 0.739
98 1.285 9.8627 0.7222
100 1.2286 12.4217 0.6781
101 1.4799 11.5859 0.7475
102 1.2444 11.8272 0.778
103 1.3257 12.7091 0.7823
104 1.331 15.308 0.816
105 1.3189 14.6554 0.8191
106 1.4201 12.262 0.7972
107 1.3309 12.9754 0.8175
108 1.2708 13.8586 0.8158
109 1.4006 13.1174 0.7977
110 1.3811 13.4146 0.8171
111 1.2598 14.4178 0.8097
112 1.2907 14.3215 0.8532
113 1.3215 12.5871 0.804
114 1.2896 13.4614 0.8089
115 1.2833 14.3226 0.8431
116 1.2691 13.4837 0.7524
117 1.322 12.6915 0.7976
118 1.3063 14.6745 0.8451
119 1.335 13.4759 0.7693
120 1.279 10.8438 0.6754
121 1.3681 10.0712 0.6383
123 1.3252 9.0359 0.669
124 1.4847 8.3764 0.53
125 1.4323 5.8033 0.2081
