residue_number R1 R2 NOE
1 0.96043 2.3669 -0.4833
6 1.3148 4.061 0.1955
7 1.282 17.401 0.3482
8 1.1357 14.3505 0.2768
11 1.263 8.6041 0.3566
12 1.1777 6.0132 0.3203
14 1.1903 8.1943 0.4486
15 1.0916 18.2025 0.7097
17 0.99738 27.831 0.7078
18 0.92842 15.5344 0.7098
19 1.0141 17.0047 0.8421
21 0.95139 15.7461 0.9109
22 1.0243 15.0827 0.8931
23 0.97602 15.7509 0.8633
24 0.92059 16.0571 0.7768
25 0.97168 15.0528 0.9255
26 1.0404 13.8769 0.8206
27 0.89101 15.8027 0.8305
28 0.93384 16.6822 0.8208
29 0.91555 15.1499 0.826
30 0.96088 12.9732 0.7788
31 0.94149 16.3023 0.8449
32 0.91344 16.1946 0.8506
33 0.9391 15.514 0.8218
34 1.0734 14.7571 0.8225
35 1.0396 14.8224 0.8082
36 0.96246 14.0932 0.8265
37 1.124 14.343 0.8706
38 1.0394 13.4576 0.8212
40 1.0794 13.1198 0.8592
42 1.0549 14.1476 0.7875
44 0.97932 15.9819 0.802
45 1.0701 22.8476 0.7956
46 0.98266 15.3898 0.6803
48 0.9678 12.8506 0.6446
49 0.9799 16.4935 0.6934
50 1.0755 12.363 0.7687
51 0.97686 16.5016 0.7283
53 1.0158 21.166 0.6767
54 1.0595 19.7824 0.8438
55 0.98417 16.2911 0.8487
56 1.0006 14.5993 0.7797
57 1.0046 12.7789 0.7674
58 0.98904 16.0202 0.8288
59 1.0274 14.4042 0.7856
60 0.99504 12.758 0.7858
62 0.91507 16.9678 0.8939
63 0.95878 15.0597 0.8762
64 0.92769 16.9838 0.8321
65 1.0168 15.6138 0.8604
67 0.9294 16.1774 0.8528
68 0.93891 16.4521 0.8916
69 0.92618 16.2085 0.8589
70 0.94037 16.775 0.9106
71 0.90065 16.4756 0.8796
72 0.93598 16.8328 0.8481
73 0.9156 13.4308 0.9052
74 1.0798 17.5871 0.7342
75 1.0388 17.3561 0.8606
76 1.0944 13.4209 0.8494
77 0.98852 13.976 0.8246
79 0.93718 17.0909 0.9826
80 0.94377 15.7167 0.7735
81 0.96298 15.9414 0.8407
82 0.92588 15.5128 0.8184
83 0.91743 17.4412 0.8675
84 0.93854 15.9291 0.8322
85 0.92018 15.3452 0.8216
86 0.91134 16.746 0.8837
87 0.87328 15.6508 0.886
88 0.92807 16.248 0.8789
89 0.93347 16.0797 0.8644
90 0.93235 17.154 0.901
91 0.90707 16.1447 0.8551
92 0.97187 15.9155 0.8726
93 0.91983 16.1693 0.8635
94 0.94358 16.333 0.877
95 0.9672 14.673 0.8174
97 0.89196 15.8696 0.8349
98 0.95366 11.3675 0.7168
100 0.90486 15.8553 0.7308
101 1.1031 13.4249 0.8404
102 0.90295 13.7135 0.8153
103 0.96585 14.6322 0.7728
104 0.94864 16.2347 0.8199
105 0.9538 15.2461 0.8568
106 0.975 15.0641 0.8494
107 0.93284 15.6076 0.8252
108 0.92608 15.5254 0.8534
109 0.9855 15.1527 0.8422
110 0.95664 15.262 0.8756
111 0.93874 16.5268 0.9008
112 0.92719 15.934 0.8521
113 0.96518 15.3511 0.8206
114 0.92603 16.1106 0.849
115 0.93455 17.1234 0.8612
116 0.92726 15.4411 0.8365
117 0.92458 14.5011 0.8084
118 0.91995 17.2545 0.8132
119 1.0013 15.9171 0.8716
120 0.93556 12.4802 0.716
121 1.0244 12.1102 0.6976
123 1.0297 10.8082 0.6441
124 1.2281 9.8518 0.5559
125 1.2259 6.8212 0.4641
