residue_number R1 R2 NOE
3 0.98043 2.0543 -0.7763
5 1.1983 2.9442 -0.2943
6 1.2681 3.6031 -0.0624
7 1.2395 5.3531 0.2176
10 1.1305 14.0638 0.5153
11 1.0287 16.9949 0.5835
12 1.0186 16.4678 0.7964
13 1.0215 17.2084 0.7488
14 0.90869 19.8868 0.8467
15 0.91807 16.6055 0.8358
16 1.0161 17.806 0.7068
17 0.90248 17.3437 0.8101
18 0.89466 17.935 0.7983
19 1.0103 17.5678 0.8943
20 0.96321 16.4026 0.8282
21 0.96634 17.2974 0.7708
22 0.89669 16.8337 0.8269
23 1.0004 15.8206 0.825
24 0.9389 18.2302 0.7954
25 0.84801 19.4314 0.7827
26 1.0575 16.4559 0.8065
29 1.0203 15.2834 0.7571
30 1.0029 16.2612 0.7833
31 0.96008 17.5844 0.8434
32 0.86702 20.5937 0.907
33 1.096 16.4026 0.801
34 1.0636 14.9363 0.8162
36 1.0761 14.1705 0.7921
37 0.92813 17.0688 0.8348
38 0.92992 16.3362 0.8225
40 0.97207 14.7562 0.7897
41 1.0833 15.7878 0.7401
42 0.87671 16.7229 0.6891
43 0.9353 17.8478 0.7242
44 0.88843 17.1219 0.7348
45 0.94585 30.8394 0.7143
46 1.0504 17.5694 0.7894
47 1.0252 14.9749 0.7467
49 1.0368 16.4752 0.7064
50 1.0081 16.3142 0.8178
51 0.94022 15.8822 0.8216
52 0.90151 15.7993 0.7164
53 0.99271 14.6273 0.7681
54 0.92844 18.8159 0.7681
55 0.99893 16.3995 0.8177
56 0.99503 16.7207 0.7558
58 0.87098 18.0404 0.81
59 0.93767 16.4886 0.8217
60 0.91095 17.8503 0.8465
61 0.87738 18.6238 0.805
62 0.90789 17.3517 0.7783
63 0.90632 18.39 0.8281
64 0.93142 19.7838 0.8064
65 0.86469 18.4207 0.8082
66 0.93271 15.5666 0.8675
67 0.88093 16.9274 0.8409
68 0.9327 18.8758 0.8063
69 0.94329 17.4757 0.8214
70 1.0674 15.3696 0.8175
71 1.0253 16.615 0.8016
72 0.98827 11.7364 0.6927
73 0.92871 13.7821 0.7487
74 0.90683 15.2688 0.7867
75 0.89317 16.598 0.743
76 0.92159 17.7384 0.7891
77 0.9056 17.0321 0.81
78 0.90278 17.8006 0.8731
79 0.94092 19.6291 0.8045
80 0.97167 19.2297 0.8232
81 0.89703 18.4286 0.7985
82 0.90081 17.2958 0.8679
83 0.88867 19.9752 0.7692
84 0.96467 20.3717 0.9024
85 0.86868 17.884 0.764
86 0.88777 18.4211 0.8681
87 0.96764 17.6319 0.7253
89 0.88637 18.7947 0.873
90 0.85708 18.9081 0.8477
96 1.0075 15.0094 0.8191
97 1.0393 16.8974 0.8277
98 0.91999 20.514 0.8387
100 0.93334 18.4116 0.8548
101 0.85525 18.4794 0.7957
102 0.91695 18.621 0.7628
103 0.89783 18.6397 0.8291
104 0.96826 19.6924 0.909
105 0.98623 20.4792 0.8348
106 0.91108 19.6782 0.8062
107 0.86661 22.0623 0.8175
109 0.82909 20.7677 0.6818
110 0.89854 18.9518 0.8033
111 0.89644 20.1482 0.836
113 0.91398 20.509 0.8227
114 0.92969 20.8413 0.8774
115 0.95954 16.7754 0.8314
119 1.0763 10.2571 0.321
120 1.1993 4.1974 0.0507
