residue_number R1 R2 NOE
3 1.4224751066856332 5.847953216374268 0.102
4 1.8281535648994514 9.615384615384615 0.691
5 1.8148820326678765 9.900990099009901 0.641
6 1.607717041800643 10.526315789473685 0.768
7 1.7094017094017095 9.615384615384615 0.765
8 1.721170395869191 9.25925925925926 0.636
9 1.7452006980802794 9.900990099009901 0.658
10 1.594896331738437 9.803921568627452 0.7
13 1.6474464579901154 9.615384615384615 0.738
14 1.6863406408094437 10.1010101010101 0.815
16 1.6949152542372883 9.25925925925926 0.842
17 1.8761726078799248 9.615384615384615 0.68
18 1.8148820326678765 12.345679012345679 0.865
19 1.4641288433382136 10.638297872340425 0.762
20 1.7271157167530227 8.849557522123893 0.762
23 1.7953321364452421 11.235955056179776 0.786
24 1.572327044025157 11.11111111111111 0.683
29 1.8148820326678765 10.1010101010101 0.69
31 1.8796992481203008 10.526315789473685 0.646
35 1.7825311942959 10.0 0.761
37 1.6611295681063123 9.174311926605505 0.731
40 1.8018018018018016 8.849557522123893 0.715
42 1.658374792703151 10.638297872340425 0.74
43 1.6891891891891893 10.0 0.832
46 1.663893510815308 10.1010101010101 0.718
47 1.594896331738437 8.849557522123893 0.88
49 1.7094017094017095 11.76470588235294 0.67
50 1.7391304347826089 9.25925925925926 0.896
51 1.6260162601626016 11.235955056179776 0.88
53 1.8115942028985506 10.526315789473685 0.868
65 1.8115942028985506 10.1010101010101 0.67
66 1.7241379310344829 9.803921568627452 0.795
68 1.7513134851138354 10.1010101010101 0.8
69 1.824817518248175 9.615384615384615 0.687
70 1.6313213703099512 10.0 0.734
71 1.8796992481203008 10.204081632653061 0.89
72 1.589825119236884 10.1010101010101 0.814
79 1.3513513513513513 9.803921568627452 0.842
82 1.8484288354898335 11.76470588235294 0.637
86 1.9047619047619047 9.615384615384615 0.89
89 1.5649452269170578 10.0 0.772
90 1.6 9.433962264150944 0.86
91 1.7152658662092626 8.928571428571429 0.86
92 1.7271157167530227 8.695652173913043 0.617
93 1.7421602787456447 9.25925925925926 0.719
95 1.8416206261510129 9.00900900900901 0.875
97 1.718213058419244 10.1010101010101 0.846
98 1.7953321364452421 9.090909090909092 0.768
101 1.8552875695732838 8.064516129032258 0.678
103 1.607717041800643 10.638297872340425 0.668
104 1.6313213703099512 9.523809523809524 0.854
105 1.824817518248175 10.75268817204301 0.832
106 1.9267822736030829 11.235955056179776 0.783
108 1.773049645390071 10.204081632653061 0.806
109 1.8867924528301885 10.526315789473685 0.791
110 1.8115942028985506 9.900990099009901 0.642
113 1.7699115044247788 9.803921568627452 0.846
114 1.76678445229682 11.49425287356322 0.748
115 1.824817518248175 9.615384615384615 0.732
117 1.7953321364452421 11.363636363636365 0.851
118 1.6474464579901154 11.76470588235294 0.708
119 1.5360983102918586 11.11111111111111 0.621
120 1.461988304093567 10.309278350515463 0.705
121 1.6611295681063123 10.75268817204301 0.681
122 1.6474464579901154 10.75268817204301 0.764
123 1.8484288354898335 9.900990099009901 0.801
124 1.7985611510791366 10.0 0.729
125 1.8761726078799248 9.615384615384615 0.832
126 1.8281535648994514 9.25925925925926 0.778
128 1.7271157167530227 11.49425287356322 0.63
131 1.718213058419244 8.928571428571429 0.751
132 1.7761989342806397 10.416666666666666 0.767
135 1.6722408026755853 7.352941176470588 0.631
