residue_number R1 R2 NOE
5 1.2674271229404308 9.900990099009901 0.804
6 1.2936610608020698 10.869565217391305 0.884
7 1.529051987767584 10.1010101010101 0.724
8 1.4727540500736376 11.627906976744187 0.811
9 1.5455950540958268 11.904761904761903 0.839
10 1.4662756598240467 10.75268817204301 0.883
13 1.4204545454545456 10.309278350515463 0.773
14 1.4204545454545456 11.363636363636365 0.794
16 1.519756838905775 10.526315789473685 0.73
17 1.7543859649122808 11.11111111111111 0.639
18 1.2594458438287153 11.76470588235294 0.714
19 1.2886597938144329 11.235955056179776 0.702
20 1.3679890560875514 10.526315789473685 0.862
21 1.400560224089636 11.235955056179776 0.782
23 1.51285930408472 12.048192771084336 0.848
24 1.41643059490085 12.195121951219512 0.864
31 1.6863406408094437 10.526315789473685 0.856
32 1.5360983102918586 11.235955056179776 0.595
42 1.3054830287206267 12.195121951219512 0.835
43 1.4903129657228018 10.869565217391305 0.871
45 1.5552099533437014 10.989010989010989 0.853
46 1.4409221902017293 10.526315789473685 0.818
47 1.4992503748125936 8.928571428571429 0.754
50 1.5037593984962405 9.433962264150944 0.814
53 1.4285714285714286 11.627906976744187 0.804
65 1.36986301369863 12.048192771084336 0.863
66 1.4749262536873156 10.869565217391305 0.783
68 1.4064697609001406 11.11111111111111 0.822
69 1.4814814814814814 9.615384615384615 0.894
70 1.4577259475218658 11.627906976744187 0.815
71 1.6339869281045751 10.989010989010989 0.806
72 1.4641288433382136 11.235955056179776 0.813
84 1.430615164520744 9.708737864077671 0.797
87 1.394700139470014 10.869565217391305 0.886
88 1.3986013986013988 10.638297872340425 0.834
89 1.2135922330097089 11.627906976744187 0.729
90 1.4326647564469914 9.345794392523365 0.788
91 1.4144271570014144 9.708737864077671 0.739
92 1.3717421124828533 8.403361344537815 0.739
93 1.4388489208633095 9.900990099009901 0.822
98 1.4084507042253522 9.900990099009901 0.826
101 1.547987616099071 10.989010989010989 0.647
104 1.4204545454545456 10.989010989010989 0.853
106 1.3793103448275863 12.345679012345679 0.786
108 1.342281879194631 10.204081632653061 0.819
110 1.3513513513513513 9.708737864077671 0.86
113 1.4326647564469914 10.0 0.879
114 1.392757660167131 12.820512820512821 0.848
115 1.5649452269170578 11.235955056179776 0.819
117 1.51285930408472 11.627906976744187 0.844
118 1.321003963011889 12.048192771084336 0.73
119 1.4367816091954024 11.76470588235294 0.867
120 1.4064697609001406 11.76470588235294 0.646
121 1.321003963011889 11.363636363636365 0.797
122 1.4858841010401187 11.627906976744187 0.9
123 1.6025641025641026 11.363636363636365 0.875
124 1.5151515151515151 10.75268817204301 0.787
125 1.5151515151515151 10.638297872340425 0.758
126 1.506024096385542 10.309278350515463 0.811
131 1.461988304093567 9.708737864077671 0.774
132 1.5527950310559007 10.989010989010989 0.77
