Residue R1_900 R2_900 NOE_900
2 0.97 10.8 0.46
3 0.93 11.13 0.63
4 0.8 13.99 0.71
5 0.71 16.19 0.83
6 0.736 16.4 0.85
7 0.68 14.24 0.83
8 0.778 13.98 0.81
9 0.82 15.39 0.91
10 0.81 16.28 0.88
11 0.833 16.37 0.89
12 0.81 14 0.88
13 0.78 13.4 0.79
14 0.69 12.83 0.84
15 0.624 8.74 0.36
16 0.74 12.7 0.8
18 0.774 16 0.89
20 0.825 16.57 0.9
21 0.79 17.6 0.9
22 0.82 15.6 0.89
23 0.79 16.71 0.9
24 0.79 14.4 0.88
25 0.66 14.27 0.85
26 0.79 15.58 0.85
27 0.78 16.71 0.85
28 0.77 15.34 0.86
29 0.83 15.6 0.79
30 0.83 15.19 0.78
32 0.69 14.42 0.76
33 0.76 14.6 0.76
34 0.74 14.2 0.83
35 0.68 14.34 0.84
36 0.7 14.1 0.9
37 0.74 14.74 0.89
38 0.729 15.7 0.86
39 0.71 14.43 0.88
40 0.79 14.42 0.88
41 0.73 15.52 0.88
42 0.75 14.5 0.86
43 0.77 16.2 0.88
44 0.71 16.59 0.89
45 0.72 16.5 0.88
46 0.76 16.4 0.88
47 0.71 16.35 0.88
48 0.69 16.93 0.89
49 0.73 16.44 0.89
50 0.73 16.59 0.93
51 0.75 16.59 0.9
52 0.704 16.11 0.91
53 0.7 15.41 0.9
54 0.73 16.39 0.89
55 0.76 17.01 0.89
58 0.78 15.81 0.91
59 0.67 16.92 0.86
61 0.78 16.51 0.59
62 0.73 14.4 0.76
64 0.66 14.72 0.81
65 0.67 16.33 0.84
66 0.778 15.43 0.88
67 0.83 18.2 0.86
68 0.68 14.81 0.89
69 0.73 16.64 0.88
70 0.964 17.2 0.91
71 0.82 15.48 0.85
72 0.91 17.7 0.85
73 0.81 17.1 0.88
74 0.71 15.7 0.9
75 0.79 15.58 0.89
77 0.781 19.4 0.91
78 0.73 16.47 0.89
79 0.795 18.75 0.9
80 0.76 14.55 0.84
81 0.71 14.9 0.74
82 0.7 18.07 0.85
83 0.81 16.7 0.82
84 0.74 15.44 0.78
87 0.8 15.99 0.84
88 0.7 14.39 0.79
89 0.752 15.35 0.77
91 0.77 18.48 0.81
92 0.785 14 0.76
93 0.83 13.7 0.7
94 0.77 14.1 0.7
95 0.83 16.23 0.72
96 0.79 13.65 0.73
98 0.76 15.38 0.69
99 0.857 17.35 0.75
100 0.62 18.89 0.85
101 0.69 17.6 0.88
102 0.73 17.7 0.93
103 0.68 16.06 0.87
104 0.69 16.96 0.91
105 0.71 15.69 0.85
106 0.71 16.67 0.92
107 0.71 17.45 0.9
109 0.72 16.14 0.86
110 0.71 15.95 0.85
111 0.68 16.25 0.85
113 0.85 13.64 0.79
114 0.74 16.23 0.85
115 0.66 15.24 0.85
116 0.69 14.73 0.82
117 0.801 16.39 0.85
118 0.746 15.5 0.86
119 0.74 15.16 0.86
120 0.73 14.9 0.82
122 0.77 14.4 0.72
123 1.01 11.51 0.54
124 0.99 12.3 0.75
126 0.937 11.35 0.68
127 0.76 16.21 0.79
129 0.69 15.45 0.89
130 0.76 15.79 0.92
131 0.81 16.73 0.87
132 0.75 16.41 0.92
133 0.81 16.22 0.91
134 0.9 17.23 0.88
136 0.74 15.19 0.88
138 0.73 15.12 0.9
139 0.73 15.9 0.87
140 0.78 15.13 0.85
141 0.72 16.57 0.91
143 0.66 13.81 0.77
145 0.749 14.7 0.8
147 0.65 13.46 0.81
148 0.74 15.17 0.83
149 0.63 14.35 0.84
150 0.789 16.84 0.83
152 0.883 11.49 0.68
153 0.94 9.44 0.56
154 1.12 6.31 0.38
155 1.07 3.85 0.04
