Residue R1_700 R2_700 NOE_700
2 0.96 7.48 0.34
3 1.12 10 0.55
4 1.09 11.29 0.63
5 1 14.23 0.79
6 0.96 14.6 0.81
7 0.96 12.7 0.78
8 1.02 13.3 0.85
9 1.07 13.8 0.88
10 1.08 16.2 0.87
11 1.05 12.42 0.84
12 1.03 10.84 0.8
13 1 11.6 0.75
14 1.02 12.25 0.8
15 0.7 7.43 0.31
16 0.93 10.77 0.76
18 0.98 12.8 0.84
20 1.05 12.68 0.84
21 1.06 12.51 0.86
22 1.03 11.77 0.87
23 1.02 13.25 0.85
24 0.94 11.22 0.83
25 0.99 13.29 0.81
26 1.04 12.55 0.85
27 0.95 12.9 0.8
28 1 12.05 0.82
29 1.01 10.85 0.77
30 1.05 12.42 0.72
32 0.94 12.3 0.69
33 0.96 10.65 0.82
34 0.91 10.34 0.77
35 1 12.53 0.8
36 0.97 11.3 0.84
37 1.04 13.56 0.87
38 0.96 12.17 0.83
39 0.97 13.3 0.85
40 1.01 10.97 0.81
41 1.04 14.33 0.85
42 0.98 11.53 0.88
43 1.02 12.59 0.84
44 0.94 14.29 0.85
45 0.95 13.5 0.87
46 1.01 13.88 0.86
47 1.05 14.29 0.86
48 0.99 14.75 0.85
49 0.95 14.79 0.85
50 1.03 13.73 0.84
51 1.03 14.69 0.87
52 0.94 13.27 0.87
53 0.97 12.52 0.85
54 1.04 13.84 0.85
55 1.08 13.98 0.86
58 1.09 13.31 0.85
59 0.97 13.7 0.82
61 0.99 13.14 0.54
62 1.06 11.35 0.7
64 0.95 13.14 0.77
65 0.92 12.9 0.77
66 1.01 14.4 0.83
67 1.04 15.63 0.84
68 1.03 13.91 0.81
69 1.13 13.48 0.85
70 1.14 13.1 0.87
71 1.02 13.7 0.83
72 1.06 13.89 0.83
73 1.01 12.8 0.85
74 1.03 14.14 0.86
75 1.05 13.63 0.84
77 1.05 14.1 0.86
78 1.04 14.85 0.83
79 1.04 14.43 0.84
80 1.05 12.91 0.78
81 0.94 12.25 0.68
82 0.98 14.93 0.8
83 1.13 13.3 0.78
84 1.01 12.77 0.72
87 1.06 13.62 0.76
88 0.95 12.98 0.74
89 0.97 13.5 0.74
91 0.99 14.86 0.76
92 0.98 12.76 0.69
93 0.97 11.7 0.68
94 0.96 11.07 0.65
95 0.99 10.97 0.67
96 1.09 11.44 0.67
98 1.02 13 0.62
99 1.04 13.29 0.81
100 0.98 15.3 0.81
101 1.01 14.24 0.84
102 1.09 14.23 0.85
103 0.96 13.39 0.84
104 0.95 14.45 0.85
105 1 14.3 0.83
106 1 14.39 0.87
107 0.97 15.5 0.86
109 1.06 13.63 0.83
110 0.96 13.8 0.81
111 0.99 14.07 0.81
113 1.18 12.51 0.75
114 1 13.33 0.76
115 0.95 13.61 0.81
116 0.84 11.34 0.75
117 0.96 13 0.83
118 0.92 11.8 0.81
119 0.97 12 0.84
120 0.92 11.6 0.79
122 0.95 10.42 0.64
123 1.06 9.3 0.41
124 1.16 10.83 0.66
126 1.13 9.85 0.63
127 1.06 12.83 0.72
129 1.03 13.8 0.82
130 1.02 13.9 0.85
131 1.06 14.21 0.84
132 1.04 13.89 0.85
133 1.06 13.8 0.86
134 1.1 14.98 0.86
136 1.07 14.07 0.83
138 1.03 13.61 0.86
139 1.01 14.73 0.86
140 1.06 14.47 0.88
141 1.06 13.4 0.86
143 0.94 12.18 0.75
145 0.94 11.67 0.78
147 0.95 12.18 0.79
148 0.85 10.64 0.85
149 0.89 12.22 0.79
150 0.96 12.88 0.79
152 1.05 9.22 0.6
153 1.15 8.98 0.4
154 1.16 5.25 0.2
155 1.01 2.39 -0.31
