Residue R1_500 R2_500 NOE_500
2 1.36 7.11 0.19
3 1.64 8.08 0.444
4 1.55 9.5 0.567
5 1.56 12.47 0.785
6 1.55 11.35 0.81
7 1.57 10.8 0.715
8 1.55 10.56 0.843
9 1.66 10.51 0.811
10 1.86 13.99 0.884
11 1.77 11.16 0.813
12 1.66 10.63 0.777
13 1.57 10.01 0.762
14 1.59 10.35 0.765
15 1 6.31 0.274
16 1.42 9.47 0.728
18 1.56 11.61 0.815
20 1.65 11.05 0.849
21 1.67 10.73 0.822
22 1.69 11.25 0.826
23 1.67 11.75 0.813
24 1.61 11.54 0.834
25 1.57 11.17 0.824
26 1.64 11.23 0.839
27 1.55 11.1 0.779
28 1.58 11.36 0.794
29 1.63 10.35 0.723
30 1.57 10.2 0.723
32 1.47 10.37 0.692
33 1.59 11.02 0.826
34 1.53 10.31 0.762
35 1.56 11.03 0.871
36 1.57 10.42 0.817
37 1.62 10.99 0.798
38 1.54 10.76 0.843
39 1.67 11.19 0.827
40 1.65 10.74 0.798
41 1.57 11.14 0.795
42 1.6 12.04 0.839
43 1.58 11.29 0.846
44 1.52 11.44 0.803
45 1.51 11.75 0.832
46 1.57 11.94 0.832
47 1.62 12.12 0.874
48 1.55 12.53 0.818
49 1.5 12.64 0.885
50 1.56 12.41 0.826
51 1.59 12.07 0.819
52 1.51 12.06 0.832
53 1.52 11.67 0.843
54 1.64 12.05 0.803
55 1.62 12.11 0.839
58 1.61 11.46 0.841
59 1.47 12.23 0.844
61 1.42 9.65 0.479
62 1.49 9.63 0.668
64 1.45 11.02 0.777
65 1.53 12.15 0.793
66 1.58 10.8 0.778
67 1.57 12.15 0.843
68 1.6 11.34 0.817
69 1.68 11.56 0.811
70 1.89 11.45 0.868
71 1.76 11.3 0.801
72 1.6 11.43 0.815
73 1.58 12.47 0.786
74 1.58 11.62 0.802
75 1.66 11.82 0.804
77 1.64 12.19 0.822
78 1.59 12.01 0.81
79 1.64 12.19 0.822
80 1.58 10.52 0.77
81 1.43 10.56 0.653
82 1.6 12.75 0.796
83 1.65 11.33 0.758
84 1.48 10.72 0.714
87 1.56 11.8 0.784
88 1.47 11.22 0.729
89 1.48 10.56 0.718
91 1.57 12.09 0.754
92 1.57 9.9 0.674
93 1.54 10.11 0.648
94 1.46 10.12 0.646
95 1.59 10.69 0.659
96 1.56 9.8 0.672
98 1.53 10.38 0.62
99 1.54 10.9 0.814
100 1.49 12.57 0.787
101 1.51 12.56 0.833
102 1.61 12.35 0.846
103 1.49 11.96 0.82
104 1.53 12.31 0.816
105 1.54 12.08 0.84
106 1.54 12.07 0.845
107 1.57 12.47 0.836
109 1.57 12.11 0.834
110 1.53 11.71 0.811
111 1.52 12.08 0.781
113 1.67 9.85 0.736
114 1.5 10.63 0.741
115 1.44 11.44 0.786
116 1.42 10.13 0.769
117 1.7 11.5 0.769
118 1.5 10.5 0.769
119 1.6 10.4 0.809
120 1.48 10.18 0.788
122 1.45 9.55 0.573
123 1.52 7.76 0.277
124 1.84 8.55 0.627
126 1.55 7.36 0.547
127 1.57 10.66 0.704
129 1.6 11.45 0.805
130 1.62 11.59 0.84
131 1.66 11.56 0.786
132 1.61 11.82 0.813
133 1.71 11.78 0.819
134 1.97 13.37 0.85
136 1.63 11.19 0.792
138 1.58 11.49 0.782
139 1.6 11.69 0.793
140 1.64 11.59 0.816
141 1.57 11.75 0.818
143 1.47 10.36 0.759
145 1.52 10 0.739
147 1.46 10.33 0.783
148 1.52 9.99 0.809
149 1.39 10.86 0.759
150 1.49 10.89 0.756
152 1.58 8.49 0.548
153 1.54 7.16 0.352
154 1.54 5.1 0.016
155 1.2 2.73 -0.698
