# SPINDLE Synthetic Benchmark Dataset - Generated Field: 600 MHz
# Estimated Global tau_c: 5.866 ns
# Residue   R1          R2          NOE
         1      1.3571      4.9582     -0.1229
         2      1.3280      2.6400     -0.8352
         3      1.3369      2.6793     -0.8502
         4      1.8873      8.3851      0.8950
         5      2.0604      9.1771      0.8505
         6      1.6712      7.1625      0.5514
         7      1.5628      3.0003      0.1353
         8      1.8834      6.3860      0.4841
         9      1.9487      7.3287      0.5924
        10      1.7283      6.0269      0.2665
        11      1.5257     11.4195      0.1472
        12      1.9074      8.0194      0.7479
        13      1.9951      8.4778      0.8808
        14      1.9832     14.0624      0.8830
        15      1.9872      8.3311      0.8309
        16      2.0325      9.1584      0.8304
        17      2.1041      9.2304      0.9461
        18      1.0231      2.5075     -1.1701
        19      1.6505      5.8022      0.1655
        20      1.9680     21.0847      0.7793
        21      0.4708      1.2402     -1.5360
        22      1.8569      6.0673      0.2891
        23      1.5607      4.6900     -0.0516
        24      1.5766     18.9860      0.3286
        25      1.4072      5.9664      0.7664
        26      1.5958      3.8708     -0.1557
        27      1.6720      6.4212      0.2410
        28      1.5940      4.9917     -0.0891
        29      1.6206      5.0523      0.0650
        30      1.5791      9.5677      0.1198
        31      1.7872      6.9857      0.5199
        32      1.7533     13.6229      0.7850
        33      1.6296     11.4708      0.0660
        34      1.9291      8.8887      0.7571
        35      1.4707     15.9969     -0.1088
        36      1.1480      5.1220      0.4853
        37      1.6982      6.3396      0.3587
        38      2.0046     17.8761      0.7598
        39      0.4443      0.9100     -2.0867
        40      0.9089      3.4352     -0.2064
        41      1.7342     16.7236      0.6077
        42      1.7488      7.3709      0.6263
        43      1.6983      7.1759      0.5866
        44      2.0699      9.2272      0.8418
        45      1.9761      8.2361      0.7852
        46      1.9071      8.6040      0.8341
        47      1.9184     13.1166      0.8223
        48      2.1031      8.8095      0.9051
        49      1.9331      8.6996      0.8741
        50      1.1318      1.7806     -1.1156
        51      1.9192     18.7032      0.8967
        52      1.2912      4.8920      0.2143
        53      2.0262      8.2849      0.7336
        54      1.8609      7.5785      0.7017
        55      1.7306      5.4125      0.1910
        56      1.3517      5.7177      0.5124
        57      2.0375      9.3445      0.8274
        58      1.8492      6.8785      0.4516
        59      1.9234      8.8527      0.8714
        60      1.7336     13.3833      0.0761
        61      2.1240      9.0139      0.9525
        62      2.1068     23.2901      0.8882
        63      1.1833     17.4334     -0.7165
        64      1.8010      8.0748      0.7926
        65      1.6041      5.9014      0.1787
        66      2.1432      9.1220      0.8817
        67      2.0629      9.5056      0.8609
        68      1.8382     13.8513      0.5775
        69      2.1714      8.7688      0.8029
        70      1.4980      3.8893     -0.3038
        71      2.0618     16.0521      0.9060
        72      1.2511      3.2592     -0.6552
        73      1.7311      7.0616      0.7996
        74      1.7642      3.9839      0.1316
        75      1.9642      8.5576      0.8130
        76      1.8898      7.2066      0.5603
        77      2.0080      9.0572      0.8656
        78      1.8471      6.8627      0.5222
        79      1.5732      4.8186      0.0175
        80      1.9512      8.9046      0.8734
        81      1.8977      8.3924      0.7006
        82      1.9606     20.2871      0.8007
        83      1.7199      2.7327      0.1591
        84      1.3662      4.2305     -0.3310
        85      0.8914     11.5775     -2.3920
        86      1.8570      8.2000      0.7652
        87      1.9613      8.1045      0.7465
        88      1.8728      7.9196      0.7480
        89      2.0549      8.8619      0.9052
        90      1.8655      8.0298      0.7461
        91      1.8409      7.2166      0.5812
        92      1.9156     10.6559      0.4816
        93      1.5841      7.2247      0.6735
        94      1.3677      3.6049     -0.4346
        95      1.9796     21.4817      0.8582
        96      1.7163      2.2677     -0.0617
        97      1.5844      6.8323      0.6114
        98      1.9811      8.6883      0.8345
        99      1.6711      5.0168      0.1859
       100      1.6276      6.6510      0.3630
