# SPINDLE Synthetic Benchmark Dataset - Generated Field: 800 MHz
# Estimated Global tau_c: 6.784 ns
# Residue   R1          R2          NOE
         1      1.2459     19.0494      0.5309
         2      1.4898      8.7069      0.5339
         3      1.0748      8.9190      0.9211
         4      1.3618     11.3865      0.9284
         5      1.1709      3.0286     -0.1214
         6      1.3501      8.1166      0.4941
         7      1.3068     10.6521      0.7927
         8      1.1238     10.6080      0.8624
         9      1.0071      3.8429     -0.4276
        10      0.8213      6.6406      0.1407
        11      1.2659     17.1691      0.8079
        12      1.2250     10.3262      0.8403
        13      0.9863      3.1982     -0.4841
        14      1.0619      8.1417      0.5925
        15      1.3452      4.1050      0.2688
        16      1.2570      9.1885      0.5810
        17      1.2772     13.1035      0.2830
        18      1.2865     11.4012      0.9278
        19      1.2231      8.1960      0.3892
        20      0.4979      0.7697     -2.5570
        21      1.8149      2.7425      0.5259
        22      1.3597     21.0675      0.4730
        23      1.1610     19.1924      0.8974
        24      1.3988      5.9273      0.3404
        25      1.5432      2.5187      0.3683
        26      1.3214     10.7226      0.7580
        27      1.2843     10.8065      0.8411
        28      1.0700      8.4072      0.6412
        29      1.2797      5.5186      0.3775
        30      1.2521     19.4114      0.7493
        31      1.0441      9.6487     -0.2620
        32      1.5877      9.6992      0.3116
        33      1.1980     11.9748      0.7872
        34      1.4864      4.9294      0.4351
        35      0.9992      9.2870      0.8586
        36      1.4372      9.7491      0.4221
        37      1.1797     12.1844      0.6303
        38      1.3332      7.5234      0.4043
        39      1.0244      6.0220     -0.1166
        40      1.0695      9.4286      0.6488
        41      1.0592     18.2773      0.5101
        42      1.4009     11.4492      0.8900
        43      0.9982      5.9073     -0.2132
        44      1.2223      9.1764      0.4665
        45      1.2618      8.3444      0.6364
        46      1.4237      2.7473      0.2524
        47      1.2683     14.0085      0.5490
        48      0.9120      4.5844     -0.6553
        49      1.1672      6.1347      0.2620
        50      0.9594      7.3323      0.2356
        51      1.2227     11.1307      0.7705
        52      1.3196     10.6681      0.8389
        53      1.2716     11.8981      0.9052
        54      0.3909      1.9140     -1.1399
        55      1.3008     11.1699      0.7856
        56      1.2572     16.4242      0.8478
        57      1.3501      6.0904      0.4715
        58      1.1638      8.3203      0.2732
        59      1.2722     11.7316      0.8320
        60      1.2058      8.3950      0.5046
        61      1.3057      5.5241      0.3648
        62      1.2929     10.9099      0.8510
        63      1.3330      7.9246      0.5932
        64      1.2744     13.7871      0.9100
        65      1.2683      6.6236      0.4343
        66      1.0727      7.1188      0.1003
        67      1.0631      1.4182     -0.7307
        68      1.1787      7.7549      0.3172
        69      1.1508      8.9174      0.5526
        70      1.1369      9.7837      0.6695
        71      0.4368      3.5026      0.0177
        72      1.3891     12.2504      0.8536
        73      1.4923      4.0394      0.4264
        74      1.3425      3.2375      0.1929
        75      1.2120      5.3062      0.1306
        76      1.2576     25.5399      0.9890
        77      1.1876      9.9198      0.6070
        78      1.3330     11.2070      0.7829
        79      1.2618      7.1130      0.5711
        80      1.2140     10.8754      0.7205
        81      1.2295     21.7838      0.8549
        82      1.2919     23.0032      0.9322
        83      1.4712      5.9696      0.4429
        84      1.0282      6.3804     -0.1162
        85      1.1143      8.6851      0.3497
        86      1.2603     11.1240      0.8924
        87      1.2958      8.1241      0.5305
        88      1.2439     10.3151      0.7996
        89      1.3415     11.9101      0.9269
        90      0.6031      2.5168     -1.3014
        91      1.3303     16.1157      0.9372
        92      1.1134     21.4986      0.4128
        93      1.2603      7.6175      0.0124
        94      1.2255      8.5027      0.4791
        95      1.2417     17.3668      0.5641
        96      0.6448      0.9383     -2.3147
        97      0.7056      3.7043     -0.7734
        98      0.7830      4.5599     -0.5649
        99      1.1803     11.3648      0.8886
       100      1.1086     18.1699      0.3622
